5772
5700
5726
5606
5788
5600
5615
5645
5853
5671
5538
5650
5783
5725
5717
5713
5731
5672
5722
5728
5757
5450
5571
5638
5758
5214
5851
5589
5773
5847
5674
5578
5820
5603
5743
5681
5700
5769
5717
5563
5595
5667
5738
5800
5536
5654
5741
5708
5712
5616
5662
5738
5693
5631
5728
5781
5537
5654
5839
5573
5698
5736
5742
5701
5895
5634
5693
5667
5513
5649
5597
5634
5614
5815
5751
5760
5759
5546
5419
4933
5681
5647
5709
5755
5407
5762
5557
5706
5649
5729
5467
5709
5783
5632
5501
5919
5750
5676
5742
5700
5684
5637
5634
5684
5527
5843
5725
5821
5734
5489
5708
5822
5764
5289
5768
5662
5687
5563
5800
5659
5632
5744
5736
5729
5569
5675
5825
5758
5731
5721
5668
5487
5757
5765
5839
5719
5519
5735
5739
5702
5845
5601
5720
5727
5475
5726
5694
5755
5844
5620
5680
5416
5555
5615
5918
5383
5531
5706
5661
5821
5840
5348
5665
5819
5598
5773
5706
5345
5624
5586
5733
5601
5450
5813
5884
5674
5572
5542
5591
5614
5799
5620
5743
5685
5549
5560
5711
5533
5682
5643
5578
5450
5823
5680
5815
5625
5425
5711
5837
5592
5703
5608
5725
5750
5683
5552
5724
5683
5491
5732
5636
5723
5751
5681
5574
5843
5351
5650
5793
5721
5765
5584
5747
5825
5510
5824
5728
5583
5727
5658
5627
5647
5780
5815
5784
5709
5770
5607
5926
5656
5715
5723
5673
5642
5702
5486
5650
5374
5665
5662
5724
5428
5570
5678
5692
5704
5795
5645
5671
5635
5760
5606
5514
5704
5734
5650
5782
5620
5677
5400
5729
5676
5709
5613
5846
5529
5620
5732
5728
5496
5758
5639
5715
5572
5765
5673
5552
5816
5493
5726
5675
5410
5774
5703
5352
5821
5677
5743
5630
5804
5653
5717
5728
5644
5651
5737
5108
5875
5510
5536
5624
5626
5640
5793
5819
5484
5802
5736
5682
5631
5469
5807
5266
5549
5713
5723
5757
5533
5745
5684
5814
5731
5890
5382
5792
5510
5718
5656
5745
5634
5668
5559
5627
5948
5748
5676
5713
5538
5611
5628
5600
5799
5640
5752
5647
5840
5698
5681
5602
5669
5278
5751
5832
5694
5774
5557
5398
5727
5741
5438
5671
5657
5323
5380
5706
5483
5805
5717
5783
5806
5760
5734
5770
5603
5718
5618
5686
5784
5596
5572
5492
5619
5738
5634
5798
5660
5668
5048
5469
5874
5687
5548
5668
5822
5749
5654
5461
5790
5634
5728
5763
5819
5537
5430
5644
5848
5656
5576
5653
5859
5862
5492
5656
5738
5644
5616
5751
5555
5671
5618
5733
5680
5486
5607
5717
5743
5903
5677
5644
5663
5534
5594
5431
5651
5594
5694
5809
5691
5626
5553
5780
5573
5187
5591
5734
5446
5534
5807
5671
5702
5512
5653
5811
5768
5636
5802
5657
5735
5665
5501
5757
5699
5396
5324
5624
5787
5720
5585
5644
5667
5702
5687
5687
5708
5636
5521
5724
5658
5668
5709
5648
5609
5711
5695
5691
5883
5490
5493
5840
5464
5698
5641
5805
5296
5825
5575
5767
5636
5587
5808
5587
5744
5555
5604
5955
5568
5746
5704
5670
5854
5498
5690
5804
5749
5768
5691
5585
5801
5649
5533
5477
5412
5768
5873
5887
5345
5847
5663
5695
5526
5705
5781
5638
5687
5748
5613
5404
5381
5854
5700
5720
5820
5709
5774
5724
5667
5786
5731
5722
5665
5761
5564
5624
5758
5749
5509
5540
5656
5851
5675
5537
5235
5694
5747
5819
5887
5288
5758
5322
5557
5683
5481
5581
5754
5700
5669
5883
5668
5740
5845
5644
5778
5628
4263
5474
5744
5463
5628
5292
5730
5769
5584
5587
5870
5757
5494
5625
5821
5813
5689
5810
5103
5843
5798
5819
5343
5567
5782
5710
5389
5804
5653
5623
5797
5697
5833
5634
5807
5644
5769
5732
5633
5571
5690
5817
5783
5713
5728
5736
5679
5765
5417
5508
5652
5709
5686
5654
5720
5770
5608
5845
5751
5691
5854
5654
5749
5735
5668
5816
5763
5674
5469
5700
5701
5772
5729
5591
5799
5745
5772
5532
5708
5451
5800
5690
5558
5739
5577
5639
5710
5731
5912
5686
5809
5590
5688
5620
5730
5784
5620
5894
5629
5652
5598
5737
5613
5664
5704
5746
5813
5394
5826
5778
5551
5798
5661
5710
5781
5701
5673
5635
5800
5572
5851
5487
5654
5881
5869
5849
5708
5459
5803
5509
5667
5701
5780
5669
5747
5791
5672
5678
5794
5489
5612
5572
5752
5745
5682
5746
5721
5728
5451
5560
5714
5835
5617
5621
5658
5538
5722
5881
5690
5529
5630
5800
5580
5596
5781
5677
5675
5711
5519
5797
5586
5653
5600
5610
5755
5719
5836
5658
5596
5718
5702
5589
5695
5588
5482
5812
5593
5755
5664
5756
5702
5818
5761
5648
5665
5736
5598
5452
5752
5695
5726
5428
5731
5849
5553
5727
5762
5622
5851
5725
5537
5506
5729
5592
5798
5754
5392
5960
5715
5749
5649
5941
5670
5822
5619
5622
5746
5780
5748
5641
5745
5685
5739
5370
5605
5630
5715
5792
5816
5611
5683
5667
5557
5525
5501
5722
5704
5606
5615
5684
5769
5704
5820
5655
5694
5806
5831
5692
5608
5775
5694
5698
5611
5697
5540
5602
5682
5676
5699
5726
5784
5642
5570
5707
5549
5593
5335
5625
5821
5615
5764
5696
5496
5848
5712
5448
5720
5592
5463
5401
5596
5720
5774
5758
5636
5282
5547
5743
5494
5603
5886
5774
5639
5771
5890
5654
5626
5649
5749
5759
5675
5753
5532
5798
5669
5484
5821
5820
5702
5749
5742
5594
5469
5642
5777
5644
5643
5692
5709
5685
5823
5688
5631
5606
5803
5634
5748
5764
5752
5601
5808
5719
5655
5412
5449
5403
5761
5520
5647
5762
5752
5736
5429
5629
5742
5630
5730
5565
5755
5885
5680
5514
5720
5567
5792
5685
5632
5706
5648
5829
5635
5739
5747
5867
5561
5863
5648
5767
5726
5695
5824
5681
5720
5835
5670
5482
5749
5866
5431
5743
5792
5376
5395
5723
5686
5594
5766
5685
5480
5827
5746
5697
5530
5597
5654
5694
5583
