5101
5009
5149
4560
5285
5061
5160
4970
5114
5138
4910
5115
5002
4908
5044
5090
5155
5348
5205
5233
4935
4902
5109
5123
5114
5123
4867
4945
4938
5055
5238
4996
5240
5180
5114
5075
5158
5021
4956
4770
5093
5151
5095
5164
5096
4995
5089
5074
4648
5294
5095
5120
5186
5180
5206
5209
5027
5194
5054
5012
5011
5123
5196
5126
5211
5056
5005
5106
5177
5038
5090
5117
5035
4951
5085
5069
5120
5035
4989
5168
5158
5127
5227
4773
4690
4748
5193
5272
5022
4924
4877
5037
4771
5005
5078
5100
4823
4909
5044
4706
4999
5076
4924
5038
5112
5087
5052
4993
4982
5064
5013
5110
4920
5136
5107
5149
5038
5115
4810
4991
4916
5154
5402
5161
4587
5134
5048
5124
4954
4969
5134
5126
5152
4760
5230
5118
4930
5232
5055
5195
5326
5086
5238
5049
4938
4954
4989
5070
5011
5062
4708
5226
5079
5202
4866
5144
5092
5243
5121
4433
4870
5081
5152
5086
4706
5081
5013
4949
5105
5069
5230
5083
4887
4945
5200
5042
5209
5213
5071
4910
5105
5152
5125
5176
4960
5037
5120
4943
4970
4855
5099
5231
5124
5076
5186
5208
4812
4991
5066
4996
5153
5009
4971
5114
5142
5129
5243
5061
5052
5061
5220
5031
5015
4769
4934
5025
5109
4927
5258
5074
5003
5071
4625
5079
5176
5183
5144
5230
5186
4938
5217
5000
5249
5025
4967
4830
5168
5041
5168
5139
5159
5150
5219
5025
4976
5143
5270
5205
5091
5054
5032
5107
5024
4993
5183
5206
5104
5145
5020
4994
5023
5104
5175
5077
5054
4888
5068
5077
5083
5288
5171
5045
5028
5134
5171
5212
5002
5086
5206
5166
5006
5031
3932
5121
5184
5225
5147
5196
5066
5176
5183
5217
5303
4918
5171
5159
4836
4951
4990
5177
5098
5023
5072
5146
4893
5096
5072
5022
4994
4829
5107
5092
5148
5176
5153
5155
5255
4965
5238
5112
5139
5320
5153
4996
5057
5092
5180
5103
5131
5034
5238
5104
5120
5089
5125
4813
5097
5089
5331
5122
4940
4813
5679
5524
5363
5534
5412
5493
5523
5676
5505
5578
5530
5513
5508
5515
5472
5651
5580
5589
5590
5708
5562
5419
5350
5684
5560
5673
5652
5632
5645
5583
5492
5536
5513
5607
5614
5637
5526
5537
5526
5631
5770
5436
5355
5734
5613
5587
5696
5496
5720
5389
5489
5651
5713
5673
5701
5538
5638
5240
5696
5547
5559
5451
5629
5524
5691
5584
5638
5650
5444
5670
5586
5576
5596
5661
5547
5491
5546
5517
5559
5728
5485
5638
5608
5635
5661
5609
5538
5423
5545
5687
5592
5635
5471
5665
5632
5584
5625
5635
5438
5555
5545
5693
5545
5660
5559
5565
5505
5536
5474
5736
5537
5482
5666
5535
5716
5491
5539
5625
5666
5461
5739
5591
5485
5591
5615
5596
5541
5556
5759
5532
5671
5557
5275
5490
5428
5560
5582
5479
5423
5644
5567
5546
5732
5711
5581
5651
5565
5502
5607
5062
5679
5697
5707
5323
5717
5397
5472
5470
5566
5475
5579
5464
5609
5589
5545
5602
5627
5600
5724
5567
5662
5652
5590
5598
5710
5632
5691
5565
5568
5629
5662
5653
5447
5664
5539
5624
5497
5574
5698
5538
5601
5560
5420
5544
5500
5559
5624
5474
5508
5476
5711
5573
5633
5492
5564
5445
5523
5592
5609
5531
5511
5603
5660
5401
5504
5490
5523
5271
5573
5709
5431
5476
5577
5641
5571
5347
5603
5579
5566
5506
5451
5605
5615
5409
5633
5703
5551
5705
5624
5563
5641
5518
5423
5595
5578
5612
5501
5545
5506
5819
5594
5609
5553
5496
5768
5583
5443
5638
5622
5621
5657
5573
5703
5678
5403
5527
5490
5561
5618
5516
5501
5660
5757
5493
5704
5702
5423
5482
5610
5527
5484
5581
5642
5588
5462
5542
5574
5607
5496
5595
5558
5648
5522
5656
5508
5716
5543
5533
5619
5665
5476
5538
5632
5567
5651
5583
5455
5584
5526
5492
5501
5531
5550
5776
5465
5586
5188
5677
5579
5608
5540
5746
5652
5458
5592
5657
5796
5620
5448
5503
5572
5556
5675
5601
5416
5683
5483
5500
5531
5698
5478
5760
5493
5627
5653
5583
5604
5573
5609
5555
5604
5477
5584
5559
5535
5512
5583
5525
5539
5488
5563
5630
5544
5601
5444
5642
5460
5756
5470
5601
5625
5488
5534
5563
5413
5751
5707
5647
5618
5570
5528
5526
5611
5607
5677
5856
5619
5648
5587
5651
5580
5309
5644
5744
5743
5572
5634
5501
5516
5673
5669
5623
5622
5638
5540
5593
5609
5723
5494
5604
5586
5609
5671
5448
5577
5676
5355
5634
5613
5489
5701
5522
5609
5599
5650
5596
5530
5622
5617
5661
5633
5514
5530
5631
5649
5529
5624
5494
5692
5768
5630
5528
5567
5501
5631
5557
5643
5509
5576
5515
5611
5605
5626
5569
5727
5467
5498
5601
5530
5432
5535
5477
5581
5583
5600
5521
5488
5730
5493
5544
5612
5628
5472
5623
5602
5674
5396
5574
5489
5625
5520
5685
5578
5561
5713
5532
5514
5567
5289
5679
5556
5641
5541
5551
5706
5555
5557
5503
5722
5422
5580
5636
5492
5571
5401
5478
5595
5618
5633
5457
5477
5432
5571
5524
5472
5604
5663
5494
5568
5633
5527
5596
5611
5433
5471
5465
5419
5496
5601
5498
5546
5568
5621
5645
5556
5645
5617
5625
5642
5635
5519
5618
5640
5698
5448
5697
5750
5692
5554
5557
5671
5602
5580
5450
5525
5541
5648
5654
5537
5708
5684
5496
5731
5530
5618
5722
5695
5710
5731
5721
5565
5549
5671
5688
5457
5607
5521
5666
5592
5634
5698
5510
5650
5443
5710
5541
5537
5557
5641
5450
5558
5714
5603
5465
5547
5575
5680
5413
5639
5577
5535
5558
5537
5703
5489
5469
5587
5612
5610
5387
5662
5512
5647
5465
5714
5547
5513
5629
5587
5583
5630
5688
5502
5476
5660
5466
5421
5645
5527
5753
5564
5620
5659
5497
5670
5440
5717
5499
5582
5568
5528
5682
5658
5659
5591
5563
5392
5675
5529
5698
5625
5550
5512
5653
5550
5670
5673
5573
