3813
-280
885
3549
2698
4138
3093
4261
4389
3751
4394
1536
3631
2277
3623
4615
3731
3687
1624
198
2051
4708
4170
2310
4286
2688
2232
4311
4337
1510
3208
1633
4108
3296
3020
1414
1773
1733
3133
4618
1792
724
1027
-110
1874
1000
1230
692
1369
1071
3841
4354
4375
4461
4387
2490
2542
3990
3810
2733
4213
4126
816
1400
2859
3244
3473
4455
4340
4365
956
1896
3000
2881
2749
3090
803
1347
1290
242
1986
1333
1193
4366
3003
461
805
533
631
1206
1411
1108
1184
836
3107
3910
3310
1411
-99
3654
4237
4679
4331
4397
2859
-848
1432
4545
4575
4450
4302
1038
2096
904
4685
4458
3075
3564
2327
3886
3798
3006
4718
2618
4491
4468
4370
3149
1801
3682
4657
3513
4698
2112
924
4168
3362
4743
4582
866
4181
4349
4012
290
-802
4089
4788
4759
4731
4483
401
596
220
1270
1484
4494
4316
4305
4645
3743
3235
2868
1944
3239
4185
-99
-68
1959
-98
1350
695
-216
529
-499
680
455
1279
929
1093
3390
3722
236
-752
-430
107
1857
422
-162
1259
-155
-694
1877
1844
1210
1346
565
458
-298
-711
-249
1085
-574
-803
-561
2943
3556
1885
3093
4559
4691
3003
681
3271
751
2137
1265
2351
2620
2801
3272
2251
1371
-459
825
957
1459
2675
603
1111
-793
-298
259
1363
-881
855
-278
1147
-30
93
4073
4468
4355
4422
2830
1186
4091
4256
4438
4163
2445
4152
2998
4039
2223
1714
1373
2455
1294
1243
371
3652
3654
4672
4383
4665
4673
1824
2493
3254
1666
2341
3610
2182
2413
1786
1969
3171
2479
2309
2965
2692
970
1281
3522
3012
2476
1625
1168
1160
3007
4193
4609
4115
3112
3052
4031
1084
1139
4419
4438
3749
58
1406
686
-482
1127
2060
1057
2266
-429
-423
-91
269
-359
-331
-374
-1000
428
2005
3586
2406
2520
3392
1628
4518
4193
1217
3175
3904
3677
4461
3278
1212
2471
3923
1319
727
1061
1308
157
-129
-275
930
444
952
1240
1117
3588
3420
4277
4591
1070
-310
-407
2049
4539
3439
2662
1363
1495
609
-65
1349
1253
1272
1365
1370
-167
1083
1865
978
1323
2177
2048
2063
2713
989
585
-676
-518
-628
-208
-438
1079
2602
2233
1176
2195
3700
4187
4010
1732
4377
4661
3742
4448
4176
1727
2083
2670
2466
911
253
1045
1394
2400
4457
4347
1878
1510
1280
479
3644
1096
373
1627
626
77
73
1074
1644
-199
328
1207
1263
281
-29
2416
1677
2593
1206
2083
972
-472
-723
134
-131
1257
2894
2138
1346
2647
3768
4294
3310
3188
2102
1407
-485
873
1794
1198
1154
267
-73
674
-130
-755
-131
2667
1724
2114
3671
2913
4568
4448
2870
442
545
4192
4446
1654
2496
4745
2522
2540
1145
1467
79
727
1838
343
-247
-369
2605
3086
4253
2205
3084
1029
4336
3426
2500
438
3258
4754
3730
1536
1529
3496
1714
1949
3617
-76
1311
2771
3293
4375
2074
2203
1292
2291
4505
4505
4778
2037
2356
2818
576
1240
-490
1300
1415
1939
1115
695
942
4459
4707
4619
4576
4209
819
4655
2495
310
2324
794
1462
-773
1335
818
-369
-91
788
1901
4228
2936
1482
4062
3578
937
2500
1114
2704
1013
1071
1544
2009
2390
4138
200
3940
1570
741
897
4754
3105
1561
656
4704
1535
1337
3817
2246
1329
3095
4671
3996
1031
2740
3890
1830
4097
4579
1771
1217
1845
-478
201
3515
4163
796
939
297
1294
154
1581
4477
4608
4575
2964
1399
-912
2266
411
809
320
994
2784
1610
-318
1250
2857
1035
530
3318
667
735
1433
752
-739
2419
4152
1478
2562
3491
2482
4808
2331
3848
3413
3059
1996
1664
1995
1352
296
1254
2185
2735
2182
2635
1450
3429
3089
2297
1360
2888
3516
2856
239
1115
-743
2493
4891
2086
2738
2599
3212
4696
4626
1281
3320
4560
2433
1167
244
1418
2929
4414
2641
2954
4653
3312
3301
2457
749
2564
2143
3361
3913
2380
3363
3809
2851
409
448
2110
1997
1045
1848
-49
1199
4139
4594
3010
1521
3082
109
2971
4407
4373
2630
-647
2313
4178
2764
4683
4677
3968
4767
3256
-694
668
1218
3223
1267
1446
-307
-50
-106
1094
1983
38
1101
791
946
763
1273
1675
3646
3391
3627
1430
2580
2725
993
4571
3242
1758
4233
4397
3432
4134
4911
1904
2755
4761
4561
4593
4739
3871
6
4556
4148
4619
2762
1937
732
4389
4631
3980
1028
4649
805
2545
4556
4744
522
1557
4362
2353
1308
2632
1734
3975
4648
788
208
4902
2240
4254
659
4297
4811
3730
2711
1423
1228
1298
1291
1289
1363
3101
2533
2554
3067
1654
1442
4601
2793
234
512
-56
2094
1312
1301
2660
2539
1351
1314
821
4029
3667
4552
3758
4347
3630
3238
2229
3942
4560
4036
4365
3474
1067
3862
4641
4658
2339
3654
4156
3144
1564
-626
-244
-620
447
-297
874
2097
1029
1242
1297
659
3991
4345
1952
1250
843
1382
655
3188
2736
3185
126
391
1830
-458
778
2516
2101
1984
1677
3491
2951
1760
1306
2418
-15
1913
2098
1134
443
857
1405
4180
1103
86
1638
1169
1557
750
1207
25
706
1468
2751
1150
1114
1201
2508
3698
4255
3644
1131
3366
777
11
1896
750
1083
2445
3745
3127
1959
307
193
991
-73
106
1666
-319
1041
156
521
123
2343
2553
4595
3065
1312
3717
1575
-222
3690
3905
4160
1029
1255
2749
3178
1383
113
2348
3947
2092
290
-863
-795
1000
3236
1497
1127
671
1104
3848
64
2492
4594
4707
3999
1730
1350
4430
3435
2608
2340
4295
4812
515
16
4192
4506
4766
4819
2167
757
258
-474
252
921
2098
4074
4836
4937
3082
829
2657
1153
2958
4389
2631
1414
4263
3099
835
211
1126
1329
4673
4334
747
3017
4450
4500
4205
3298
501
