-3252
-1540
527
-1082
-5972
421
456
468
480
494
481
488
480
462
453
463
496
472
416
400
417
475
487
485
527
527
523
515
538
550
555
546
563
546
539
549
527
574
587
552
575
565
519
558
550
570
550
533
549
518
562
571
565
575
555
572
569
563
579
577
583
570
577
579
564
577
558
566
574
565
578
571
558
545
572
543
551
562
528
548
518
551
561
549
538
558
559
534
547
551
560
571
565
563
548
552
561
558
563
579
584
576
579
578
577
569
570
536
549
551
540
571
564
549
544
548
543
557
-1616
-8435
32
556
572
561
546
586
581
580
556
570
571
577
573
563
568
542
540
562
514
526
-2114
-36
-1665
421
409
435
441
391
393
-2205
-91
388
467
456
-74
441
406
439
368
382
418
550
541
526
559
537
505
499
506
534
514
544
533
530
574
563
580
548
546
542
551
543
560
551
543
531
543
518
529
528
550
532
511
560
-1673
546
547
534
552
539
533
549
568
564
535
-19
580
574
550
580
580
566
568
563
568
576
582
557
571
553
575
-34
-5373
561
526
539
548
583
562
553
577
571
569
557
578
589
560
-3226
-4441
-5381
566
529
564
566
551
552
557
554
564
551
541
505
545
-4860
-16522
-2713
537
543
576
550
561
568
569
566
561
565
573
575
579
569
562
552
553
573
527
542
-1696
-70
514
517
528
515
507
517
522
564
550
15
-1602
542
-1
577
561
554
543
573
-33
499
537
531
525
585
583
571
576
572
582
584
580
577
569
553
567
568
575
578
583
582
584
577
573
590
579
560
584
559
575
576
582
584
580
582
574
599
573
569
579
575
563
546
568
565
-15
572
565
564
550
571
575
577
574
568
12
537
567
557
545
22
561
568
536
549
552
549
39
575
553
563
552
547
550
548
34
540
535
558
528
533
550
575
571
568
-1516
562
551
533
549
545
552
526
564
557
547
560
560
531
560
543
537
530
536
575
514
-14
491
542
-2599
443
562
545
568
547
544
544
512
551
538
570
522
552
526
537
531
531
553
553
541
545
556
549
545
535
557
527
541
540
527
543
524
520
523
534
517
523
522
543
514
542
526
532
537
524
548
556
543
562
554
563
554
543
544
522
552
535
535
520
517
542
-2154
524
-1596
-112
489
520
498
524
554
526
539
536
537
550
547
543
525
539
540
536
522
491
494
479
474
530
560
567
572
560
573
567
568
562
564
561
562
545
563
-1189
288
46
551
533
552
-2176
496
509
520
524
524
527
530
514
498
526
535
547
544
556
540
491
465
-3306
-5459
-4952
-3371
389
409
450
498
518
519
520
511
513
523
495
465
416
418
400
349
342
346
294
-1917
-850
-6984
-5404
384
361
333
352
411
400
-159
-5994
-5924
-6922
-3845
-5484
-2218
564
562
574
589
579
576
589
568
-3829
-1678
-2695
-1617
-1663
569
44
554
555
543
-1525
-496
582
572
566
34
558
567
554
537
-1043
12
526
-3269
-6447
-4228
441
470
496
527
535
533
543
543
528
527
518
517
507
521
505
501
480
512
508
517
520
518
520
521
505
485
496
492
-98
-1140
412
438
502
509
508
505
482
465
458
474
486
492
504
506
517
517
526
524
504
487
491
469
406
403
379
-585
525
515
505
499
520
536
546
545
571
559
566
556
552
549
543
523
551
558
545
531
511
482
512
525
498
540
-1542
523
540
566
549
568
543
551
549
546
534
535
506
477
524
528
512
512
456
470
471
405
-715
266
292
293
340
397
502
510
497
539
555
563
-1066
-3287
434
-1608
-4327
524
528
551
519
553
525
550
542
540
518
561
527
549
530
542
551
559
559
521
569
535
534
550
549
544
550
550
521
508
479
490
496
491
465
482
462
462
465
538
554
535
547
532
504
513
503
500
479
488
489
493
475
469
487
486
497
515
512
513
521
528
530
528
520
525
512
536
533
534
529
527
509
517
494
451
401
389
346
358
360
335
329
352
344
338
344
385
431
477
474
499
504
484
425
407
403
359
363
357
490
511
25
565
37
567
553
563
538
527
540
544
552
525
545
545
548
554
528
528
526
532
531
506
505
524
510
486
474
469
-31
498
488
463
460
485
498
506
522
495
503
489
501
492
499
492
463
484
524
512
506
522
511
506
520
484
491
495
512
484
497
527
537
534
545
539
563
552
569
553
572
547
562
562
567
556
551
557
554
530
540
541
549
551
555
559
23
537
553
536
551
569
532
555
550
554
544
560
551
556
546
31
487
526
482
525
-19
492
-4280
-3836
554
552
531
547
532
519
551
537
527
542
548
561
559
564
-1639
-3859
-4980
-4981
287
399
430
437
437
433
439
423
433
469
481
466
485
507
476
461
478
486
470
450
426
395
371
336
337
335
309
313
281
282
338
348
343
307
297
341
330
340
404
464
456
416
429
421
431
428
404
387
408
453
446
415
456
454
504
487
516
508
528
482
506
500
506
522
551
547
551
546
554
537
554
539
549
556
537
532
536
517
515
517
499
525
508
516
480
462
488
506
503
489
507
525
521
499
518
480
546
-1067
521
531
546
529
551
556
547
552
548
547
539
561
536
540
548
522
525
541
554
537
546
534
543
546
534
552
560
538
536
551
539
532
537
530
547
565
537
567
564
568
538
565
560
528
571
567
554
552
577
559
568
542
562
-1073
-2738
570
567
556
551
515
558
531
540
529
