5198
5188
4715
5198
5049
4985
5127
5227
5159
5046
5099
5163
5120
4754
5143
5084
5039
5153
5200
5175
5050
4986
5134
4994
5063
5104
4931
5172
4990
4921
5168
5186
5264
5169
4978
5025
5077
5092
5120
5264
5012
5133
5055
5157
4988
4882
4956
5136
5158
5008
4962
5236
4888
5110
5105
5039
5076
5113
5106
4968
4983
5089
4913
4989
5068
4929
4786
4901
5065
5190
5031
5062
5163
4942
5017
5130
5139
5089
5137
5198
5101
5105
5025
5269
4893
5078
4992
5079
5026
5079
4976
5172
5082
5155
5185
5274
5193
5060
4977
5181
5058
4932
4594
5169
5151
5113
5114
5069
4980
5112
5141
5032
4775
5125
4985
5025
5191
5075
5172
5168
5035
5029
4846
5229
4970
5109
5192
4997
5038
5229
5115
5217
5031
5187
5045
5005
5094
5009
5185
5183
5039
5202
5126
5263
4967
4955
5143
5144
5078
5064
5114
4860
4818
5274
5111
4970
5172
4619
5165
5164
5112
5207
4949
4946
5207
5204
5056
4953
5003
5079
4975
4984
5127
5155
5036
5084
5042
5165
4955
5178
5013
5050
5066
4966
4865
5087
4923
4921
5111
5179
5215
5036
5007
4943
4928
4952
5188
4858
5265
5103
4973
5136
5234
4945
4955
5094
4976
5060
5021
5303
5063
5107
5318
5208
5127
5049
4908
4997
5215
4964
5081
5236
5057
5118
5255
5062
5143
4849
4876
5038
5165
5164
5154
4981
5000
5141
5122
5121
5120
5117
5107
5078
4757
4623
4867
5098
5097
4958
4959
4978
5304
4975
5087
5139
5166
5153
4946
5058
5106
5137
5074
5142
5049
5191
5109
5095
5011
5150
4966
4787
5084
4924
5046
5135
5066
5099
4989
5134
5230
5166
5044
5166
4949
4987
5084
5052
5011
4817
4980
5106
5108
5140
5065
5033
5126
5067
5212
5089
5256
4872
5044
4923
5037
5061
4983
5085
5070
5145
5110
5135
5167
4959
4811
5307
5046
5200
4922
5164
4963
5274
4886
5027
5082
5061
5148
5113
5062
4910
5048
5084
5160
5007
5174
5166
5192
4993
5112
5079
5207
5174
5104
5115
5084
4966
5170
5176
4882
4960
1633
1450
4783
4902
5007
4004
4913
5222
5159
5024
4983
5053
5118
5107
5093
5058
5051
5114
5181
5035
5152
5248
5086
5076
5035
5102
5020
5067
4977
4977
5186
5059
5184
4999
5044
4822
5121
5041
5115
4983
5053
5223
5010
4946
4890
5186
4945
5086
4855
5067
5021
5185
5119
5136
4930
5124
5074
5270
5126
5202
5165
4842
5134
5150
5238
5214
5002
5124
5079
4908
5252
4973
5072
5042
5130
5022
4956
5090
5208
5240
5168
5117
4901
5169
5122
5098
5075
5263
5173
5058
5007
5151
5220
5114
5157
5208
5120
5004
4938
5212
4741
4988
5067
5080
5181
5133
5003
4967
5088
5162
5062
5126
5022
5138
5150
5272
4947
5107
4987
5119
5151
5137
5113
5117
5111
5126
5101
5159
4848
5196
4976
5184
5083
5067
5097
5061
5076
5125
5126
5103
5022
5181
5101
5085
4948
5175
5045
5140
4947
5227
5192
5028
5136
5120
4887
4978
4850
4953
4913
4820
5073
5125
5017
5174
5133
5092
5117
4871
5021
5257
4841
5198
5545
5721
5546
5620
5549
5605
5566
5433
5629
5639
5621
5700
5508
5694
5679
5528
5500
5618
5578
5559
5629
5510
5643
5554
5628
5683
5468
5470
5483
5685
5518
5531
5507
5667
5509
5582
5686
5596
5611
5373
5551
5528
5488
5724
5388
5755
5576
5582
5458
5662
5555
5526
5579
5501
5616
5674
5570
5549
5689
5614
5559
5700
5551
5599
5616
5663
5656
5620
5454
5637
5555
5557
5558
5682
5676
5790
5542
5584
5412
5594
5682
5532
5572
5408
5488
5615
5406
5546
5671
5653
5576
5569
5595
5560
5737
5602
5532
5581
5607
5606
5708
5518
5556
5561
5472
5433
5688
5471
5698
5595
5714
5540
5665
5615
5580
5659
5473
5634
5544
5457
5697
5689
5456
5588
5590
5574
5607
5539
5647
5682
5507
5346
5697
5663
5566
5651
5683
5619
5743
5605
5704
5523
5642
5434
5700
5594
5487
5543
5351
5589
5514
5496
5645
5428
5705
5558
5645
5651
5368
5607
5464
5741
5598
5615
5556
5592
5567
5536
5693
5595
5475
5651
5606
5566
5591
5611
5634
5452
5636
5594
5583
5656
5618
5654
5380
5620
5511
5471
5678
5558
5706
5672
5544
5532
5520
5466
5735
5517
5536
5490
5730
5632
5493
5668
5676
5595
5495
5626
5481
5686
5586
5649
5510
5499
5575
5548
5539
5682
5584
5514
5504
5581
5576
5580
5638
5528
5511
5657
5623
5655
5604
5549
5582
5514
5539
5612
5546
5705
5579
5649
5712
5624
5465
5570
5589
5623This
5481
5427
5537
5401
5659
5704
5560
5572
5664
5638
5711
5611
5439
5634
5483
5608
5707
5685
5654
5628
5623
5738
5468
5528
5564
5554
5622
5583
5665
5533
5537
5582
5346
5717
5488
5671
5552
5715
5541
5680
5600
5581
5553
5569
5692
5657
5557
5496
5472
5646
5625
5506
5469
5682
5543
5509
5612
5355
5641
5741
5661
5643
5583
5666
5634
5634
5715
5504
5544
5597
5646
5456
5462
5533
5586
5642
5651
5491
5609
5771
5541
5655
5359
5455
5641
5600
5463
5560
5627
5441
5576
5574
5634
5570
5712
5628
5587
5559
5537
5598
5458
5629
5548
5658
5662
5585
5659
5636
5669
5672
5677
5545
5580
5667
5514
5548
5630
5428
5684
5490
5731
5371
5470
5509
5718
5544
5759
5543
5648
5567
5617
5645
5734
5683
5695
5696
5510
5433
5567
5582
5520
5604
5619
5619
5486
5502
5539
5618
5530
5567
5740
5672
5629
5630
5495
5524
5548
5599
5412
5592
5617
5702
5601
5459
5694
5489
5549
5542
5545
5688
5646
5662
5511
5345
5620
5712
5536
5552
5670
5597
5590
5636
5753
5639
5640
5601
5482
5541
5662
5588
5328
5526
5759
5701
5652
5617
5636
5398
5619
5543
5541
5488
5741
5621
5574
5545
5547
5600
5591
5515
5502
5576
5546
5495
5624
5588
5733
5559
5625
5597
5600
5592
5688
5546
5672
5663
5710
5600
5588
5569
5610
5558
5492
5614
