-4356
-2716
-4286
-4355
-4839
-4894
-4401
-4370
-4905
-10457
-2808
-19
581
532
513
503
510
519
488
519
539
511
465
488
-3828
-3859
-4875
534
511
435
-2238
-3313
-4370
-3824
-4268
-3763
-2180
578
579
557
538
571
578
559
474
485
519
424
554
545
576
49
515
-42
514
580
71
38
-3831
-3879
-104
578
533
555
535
504
532
559
566
559
522
553
566
579
38
-2818
-202
-436
535
597
532
570
569
563
546
560
559
548
551
543
559
551
487
516
530
557
-1116
486
533
542
540
-504
-488
532
572
-2159
-1597
531
583
555
541
-7
547
560
-3
-2108
529
504
513
549
36
523
-1014
531
580
528
503
526
531
557
545
542
518
517
487
-1112
-2091
515
513
-698
-3219
513
-1
492
482
525
20
553
527
531
549
507
514
-495
-1120
-2173
448
418
447
453
514
532
426
510
-497
533
518
-1675
549
-21
-4430
-4315
-1651
-5396
-3225
-3313
-64
509
561
-477
565
462
437
511
-1056
-1656
-612
466
454
458
466
-112
362
372
355
349
351
-5382
-1191
453
421
501
496
495
-2767
-3360
282
322
-640
-1047
-22
-2734
-1217
-5511
-3751
-3264
549
534
575
571
524
533
502
579
511
523
550
-2697
489
497
500
483
458
568
519
548
523
-1567
524
507
529
539
-4893
-6626
556
542
-4280
-3762
12
553
521
538
516
16
577
556
-498
461
447
486
435
-520
525
568
508
555
-534
551
549
-532
-2749
551
-490
469
458
473
-1059
459
-614
408
-2704
-2289
-2805
-6486
-2218
553
51
-620
539
-63
-2673
510
522
555
542
507
525
509
545
519
474
-678
421
428
472
501
455
401
387
412
394
486
445
-139
-622
-2101
530
536
-612
-1593
-2656
503
-2241
-103
489
493
479
442
488
-582
-3246
-4349
-1174
-60
-3724
-107
497
501
545
522
516
483
434
498
539
482
-560
-1637
518
-4847
-2730
459
-1094
-1124
-109
-1622
-2140
480
496
503
528
521
537
513
531
477
473
493
395
526
471
-576
434
404
429
350
439
445
421
-1141
-2720
-4396
-3791
-598
537
532
543
485
341
559
516
477
537
508
493
528
458
521
502
487
488
530
570
519
544
511
532
43
506
474
558
539
502
522
436
-17
552
520
563
489
508
521
506
511
524
-2681
-1040
568
524
576
572
551
545
544
473
471
571
573
459
-25
518
494
521
10
528
-29
-3283
-4963
-1011
578
524
493
517
544
562
577
540
465
482
-1578
-4267
476
538
515
530
584
599
52
606
576
509
510
515
488
527
525
501
572
530
504
532
535
585
501
545
485
542
526
-2719
-2783
460
486
492
472
510
-48
-2141
-4428
-495
-1106
462
505
-1648
-2125
481
474
466
483
-69
-1684
-5943
-5364
-5967
-3322
-538
518
-6
452
-34
417
-1016
503
-2081
540
544
573
523
470
470
475
497
537
555
532
