5221
4987
5029
5114
5198
4855
5042
5227
5339
4791
5170
4985
5153
5277
5209
5266
5116
5242
5022
4920
5103
5138
5008
5058
5023
4958
5172
5141
5289
5057
5165
4995
5088
5186
5273
5148
5119
4899
5053
5193
4931
5077
5078
5113
5181
4877
5135
5215
4963
5175
5211
5206
5157
5149
5092
4893
5199
5347
4807
5115
5086
5046
5318
5129
5116
5160
4898
5237
5152
5184
5291
4989
5048
5129
5068
4988
5186
4896
5241
5145
4999
5322
5073
5160
5192
5188
5000
5126
5221
5185
5115
5092
5142
5101
5267
5192
5098
5211
5093
4947
4849
4985
5032
5134
5047
5071
5089
5228
4990
4984
4771
5030
4379
5068
5119
5168
5062
5172
5339
5003
5041
5035
5265
5206
5090
5065
5125
5048
4990
5059
4972
4824
5322
5140
4871
5024
5090
4982
4911
4969
4929
5195
5145
5085
4818
5175
4996
4903
5190
5047
4999
4926
4846
5002
4925
5198
5118
5201
4831
4953
4815
5230
5024
4977
5212
4967
5051
4983
5210
5113
5356
4925
5114
5182
5084
5030
5061
4800
4757
5345
5205
4968
5250
5199
5040
5134
5079
4879
5081
4947
5158
5149
5034
5130
4898
5037
5157
5073
5160
5145
5094
5055
5080
5025
5175
5023
5320
5173
4843
5059
5121
4978
5029
5244
5187
5014
5113
4936
5044
5190
5164
5077
5221
4226
5098
5216
4993
5004
5233
5173
5055
4896
5105
5180
5022
5025
4404
5284
4911
5182
5216
4855
5154
5110
5061
5049
5037
5212
5154
5074
5102
5025
4957
5002
4990
5051
5100
5005
4940
5053
4965
5195
5070
5177
5121
4997
4945
4971
5157
5178
5064
4916
5224
4959
5047
4949
5246
5027
4859
4951
4855
5158
5055
5196
5228
4928
4985
5094
5161
5150
5234
4958
5179
4795
4871
4956
4914
5118
5020
4992
4995
5140
5229
5274
5064
5113
4471
5090
5133
4955
5216
5049
5016
4548
5094
5006
5281
5131
5065
4682
5196
5008
5022
4874
4952
5231
5076
5138
5102
4958
5298
5042
4987
5113
5149
5136
5201
4568
4989
5166
5223
5038
4737
5134
5064
5038
4489
5188
4858
5235
4983
5076
5226
5263
5303
5201
4831
4977
5109
5064
5109
4947
4886
5070
5308
5134
4833
4560
5197
4976
5103
5049
5216
5008
5253
4998
4411
5099
5321
4884
4722
4878
5026
5141
4503
5045
5269
5165
4591
5100
4854
5242
4939
5230
4788
5002
5143
4318
4884
5128
5265
5319
5106
5103
5120
4981
5244
4656
5011
5138
5168
5295
5048
5037
5129
5113
4858
4830
5102
4990
4955
4877
5242
4770
5135
4940
4828
5269
5113
5154
5308
4920
5138
5098
4993
5051
4706
5035
5126
4941
4981
5029
5109
5100
5317
4820
5167
5181
5265
5011
5149
5131
5123
5245
4977
5239
5262
5188
5098
5068
5052
4714
5074
5206
4897
4991
4696
5259
4961
5193
4702
5127
5021
4476
5052
5107
5161
5197
5176
5325
5119
5215
5099
5036
5196
4775
4952
4924
4057
3907
4262
4399
4875
4853
4506
4697
4438
4567
4567
4696
4550
4396
4578
4859
4518
4535
4513
4485
4710
3881
4753
4766
4528
4684
4668
4664
4687
4745
4627
4590
4924
4319
4697
4147
4739
4429
4496
4609
4543
4701
4145
4866
4664
4312
4440
4816
4634
4593
4398
4660
4933
4546
4836
4461
4388
4541
4742
4409
4768
4601
4463
4807
4699
4714
4562
4848
4561
4725
4468
4646
4561
4684
4773
4419
4453
4635
4659
4737
4808
4564
4433
4402
4472
4497
4877
4572
4842
4542
4630
4489
4434
4216
4745
4746
4666
4564
4638
4659
4542
4764
4454
4819
4392
4688
4685
4496
4559
4700
4627
4724
4517
4704
4656
4363
4817
4627
4523
4574
4796
4523
4171
4820
4504
4699
4626
4848
4215
4801
4655
4755
4458
4740
4192
4397
4626
4716
4461
4672
4666
4787
4645
4718
4526
4619
4737
4536
4625
4627
4639
4916
4719
4565
4655
4347
4132
4723
4500
4533
4667
4592
4662
4471
4644
4702
4586
4387
4597
4833
4605
4631
4713
4555
4012
4699
4558
4419
4676
4906
4443
4742
4664
4766
4810
4860
4664
4712
4228
4822
4639
4677
4574
4574
4766
4535
4691
4762
4755
4710
4259
4702
4519
4376
4730
4420
4553
4803
4718
4517
4814
4093
4804
4742
4765
4581
4535
4406
4624
4595
4679
4572
4453
4717
4719
4541
4732
4593
4494
4254
4308
4543
4675
4316
4787
4564
4731
3927
4557
4565
4451
4027
4614
4094
4563
4466
4642
4645
4579
4771
4739
4554
4674
4453
4532
4715
4688
4678
4683
4634
4364
4417
4445
4502
4413
4650
4483
4584
4522
4641
4814
4762
4717
4421
4430
4682
4529
4610
4647
4829
4556
4558
4738
4669
4482
4633
4632
4612
4687
4360
4398
4586
4612
4337
4825
4610
4520
4679
4312
4671
4627
4775
4640
4690
4433
4419
4357
4660
4642
4413
4917
4718
4564
4823
4589
4700
4406
4703
4620
4847
4518
4908
4342
4641
4869
4628
4476
4696
4150
4734
4603
4529
4083
4653
4709
4649
4342
4870
4508
4884
4590
4457
4619
4584
4839
4493
4392
4333
4748
4504
4812
4216
4703
4980
4387
4213
4571
4658
4784
4608
4622
4876
4598
4643
4867
4651
4625
4582
4400
4389
4561
4735
4497
4510
4649
4562
4762
4649
4650
4476
4824
4325
4672
4813
4847
4550
4587
4162
4837
4404
4707
4652
4701
4631
4786
4718
4400
4751
4747
4648
4658
4760
4489
4608
4791
4557
4710
4975
4319
4426
4732
4229
4557
4571
4580
4747
4778
4859
4623
4643
4825
4661
4691
4624
4656
4526
4508
4638
4481
4729
4600
4513
4538
4616
4531
4247
4467
4652
4609
4563
4688
4905
4780
4580
4729
4749
4447
4695
4612
4527
4767
4587
4472
4774
4499
4807
4724
4604
4660
4137
4659
4510
4405
4502
4249
4407
4405
4499
4427
3961
4433
4559
3960
4366
4137
4456
4165
3831
4411
3931
4317
4695
4685
4647
4765
4007
4653
4370
4761
4553
4274
4484
4684
4183
4713
4768
4319
4190
4568
4878
4304
4558
4719
4476
4537
4555
4366
4754
4788
4441
4807
4559
