5552
5232
5355
5584
5446
5317
5520
5307
5484
4999
5279
5609
5394
5085
5463
5495
5423
5493
5538
5545
5538
5441
5406
5545
5497
5448
5384
5507
5538
5381
5574
5502
5587
5238
5096
5319
5550
5439
5477
5511
5395
5502
5504
5462
5325
5396
5421
5563
5374
5215
5491
5342
5409
5613
5442
5362
5472
5557
5564
5573
5242
5544
4815
5201
5641
5101
5421
5073
5461
5416
5316
5427
5415
5089
5339
5540
5573
5521
5505
5160
5470
5536
5272
5454
5481
5450
5565
5260
5522
5514
5607
5280
5462
5401
5499
5486
5569
5411
5044
5428
5525
5453
5225
5473
5301
5331
5460
5456
5471
5111
5530
5422
5559
5285
5083
5310
5436
5278
5234
5509
5052
5088
5571
5443
5242
5417
5529
5412
5492
5569
5593
5225
5622
5391
5409
5572
5498
5361
5200
5499
5529
5313
5359
5553
5247
5550
5349
5289
5473
5432
5344
5511
5477
5173
4959
5422
5524
5484
5534
5143
5561
5376
5371
5403
5355
5480
5302
5282
5416
5585
5459
5531
5446
5444
5502
5521
5297
5387
5101
5049
5446
5554
5521
5490
5211
5236
5371
5528
5406
5596
5294
5549
5299
5387
5426
5630
5526
5616
5075
5153
5559
5406
5508
5333
5441
5184
5372
5456
5533
5361
5542
5552
4736
5459
5605
5532
5507
5435
5535
5580
5511
5398
5510
5486
5541
5432
5421
5465
5531
5375
5573
5332
5480
5298
5413
5516
5291
5428
5390
5565
5598
5404
5482
5504
5586
5485
5588
5527
5389
5344
5549
5416
5427
5493
5473
5303
5326
5520
5672
5518
5607
5336
5228
5060
5537
5593
5492
5316
5589
5312
5613
5578
5478
5513
5481
5434
5477
5134
5492
5450
5323
5531
5562
5470
5416
5055
5332
5357
5208
5322
5468
5356
5542
5425
5463
5535
5343
5548
5395
5163
5520
5488
5429
4785
5375
5388
5062
5587
5342
5659
5479
5263
5211
5548
5402
5329
5513
5447
5347
5355
5463
5361
5243
5520
5624
5221
5583
5442
5528
5424
5485
5314
5379
5606
5404
5461
5314
5410
5443
5307
5586
5443
5429
5465
5554
5536
5566
5547
5367
5111
5401
5380
5508
5345
5426
5172
5319
5045
5604
5104
5429
5498
5585
5722
5547
5548
5547
5420
5650
5350
5342
5097
5175
5360
5358
5314
5628
5439
5562
5141
5153
5157
5556
5377
5412
5466
5302
5444
5498
5449
5618
5449
5353
5510
5537
5571
5474
5513
5581
5311
5486
5470
5149
5178
5465
5575
5504
5392
5440
5649
5375
5417
5388
5629
5373
5670
5383
5231
5392
5564
5654
5581
5540
5423
5121
5302
5297
5497
5477
5620
5300
5548
5351
5417
5496
5384
5427
5548
5575
5443
5387
5269
5492
5188
5496
5594
5130
5551
5266
5171
5535
5373
5210
5534
5457
5494
5562
5558
5240
5610
5450
5417
5382
5581
5528
5177
5448
5600
5413
5415
5393
5419
5471
5365
5378
5246
5508
5574
5168
5160
5665
5556
5413
5272
5397
5502
5467
5107
5163
5406
5165
5331
5432
5225
5197
5494
5523
5258
5409
5395
5487
5566
5328
5354
5578
5577
5549
5387
5579
5265
5616
5303
5644
5514
5452
5572
5459
5149
5455
5376
5574
5509
5436
5551
5492
5443
5078
5258
5611
5554
5355
5476
5324
5460
5479
5330
5699
5594
5311
5277
5433
5285
5193
5268
5176
5248
5418
5345
5336
5400
5351
5596
5404
5143
5519
5662
5556
5580
5604
5449
5603
5568
5417
5525
5515
5563
5434
5137
5378
5524
5584
5228
5277
5676
5331
5315
5688
5289
5669
5134
5439
5413
5474
5443
5434
5372
5652
5424
5165
5587
5432
5304
5378
5418
5423
4983
5281
5486
5392
5519
5539
5390
5307
5114
5561
5561
5504
5378
5527
5337
5596
5549
5371
5615
5448
5422
5170
5230
5508
5264
5432
5485
5399
5041
5631
5405
5412
5135
5060
5201
5450
5479
5531
5457
5394
5601
5471
5464
5406
5523
5231
5525
5669
5154
5415
5629
5333
5508
5474
5383
5339
5510
5383
5520
5521
5532
5477
5554
5375
5443
5432
5517
5488
5571
4959
5475
5321
5119
5369
5351
5598
5343
5400
5528
5592
5354
5556
5536
5557
5013
5239
5175
5372
5262
5463
5665
5167
5598
5413
5494
5318
5407
5584
5428
5527
5391
5298
5507
5235
5572
5518
5321
5398
5426
5411
4784
5476
5230
5287
5548
5573
5492
5465
5603
4995
5186
5425
5386
4987
5218
5449
5548
5259
5273
5327
5612
5499
5570
5510
5446
5337
5351
5450
5514
5518
5189
5442
5512
5562
5367
5619
5548
5532
5363
5394
5218
5547
5511
5474
5426
5519
5487
5478
5583
5497
5488
5245
5472
5247
5653
5542
5362
5217
5446
5434
5469
5615
5541
5563
5545
5613
5372
5522
5535
5579
5366
5425
5466
5207
5399
5358
5600
5482
5564
5401
5469
5526
5126
5544
5248
5425
5461
5430
4584
4911
5508
5539
5436
5340
5363
5185
5203
4914
5489
5509
5394
5479
5288
5473
5486
5273
5432
5478
5425
5475
5495
5584
5636
5443
5305
5533
5497
5393
5534
5396
5347
5394
5709
5306
5563
5563
5487
5184
5341
5453
5602
5219
5423
5370
5244
5578
5098
5258
4338
4635
4372
4005
4748
4614
4342
4216
3879
4384
4401
4494
4469
3762
3261
4722
4159
4802
4465
3975
4120
3965
