-1943
-2411
-1325
-878
-1856
-694
-1278
-190
-2386
-1901
-2441
-777
-1114
378
-148
817
799
373
-953
151
1354
1501
1215
1024
1081
803
1073
1794
2002
1572
934
736
693
584
734
766
1128
1736
2306
2828
1747
2008
2594
887
1001
2953
2236
2123
2243
1529
1058
1489
1554
1302
1122
841
-1057
-3395
392
8047
5531
7561
4984
7386
5279
5742
7084
8687
6749
5577
5795
4374
2272
2391
5662
5854
9357
7186
3616
3492
5926
8368
8436
5352
5381
3671
3191
3114
2893
4830
3789
1137
478
8335
9320
3541
2960
5165
3456
3681
3287
13439
12755
11576
10083
5328
10007
7123
6419
3841
-3773
677
614
334
2807
7122
6527
7854
9841
6974
3684
3930
3552
5464
4232
1659
7350
12231
8229
5448
7339
10588
1139
854
-659
441
346
-3847
-2947
2682
5372
4486
5160
5623
4268
5860
6547
6831
5615
2531
1270
7442
9609
6270
4507
2825
3716
5348
3086
1245
677
4630
6521
2972
722
752
3316
5126
8712
6394
2469
1157
1050
1468
868
644
656
429
-181
5279
9997
4393
5299
7157
5217
348
894
1206
2314
1383
595
-528
3923
2478
3430
-5632
7141
6156
7283
15674
12187
5197
6490
4759
7828
8726
3291
2422
679
-2212
4693
8633
7217
4787
7631
8858
6701
5867
2569
2483
3553
1723
1428
-3612
-3713
-6431
-4404
216
-622
396
449
567
127
9521
8059
10708
6766
6897
5538
4314
4235
1813
751
677
599
687
717
1022
663
455
2905
3630
5592
5390
10337
23009
18475
23251
13492
15038
7017
8740
10569
2848
14252
634
1042
822
542
602
464
635
590
1561
3078
12878
29241
9150
7094
10226
2664
4837
4112
3282
4216
2365
-729
1402
573
-4255
-9483
-32042
-8710
9864
12622
7044
5836
14205
19831
21641
17662
15504
16668
16597
19452
27901
9666
5810
11338
4311
4409
4645
6716
8373
-1453
323
24091
851
729
375
-2772
2586
1993
-805
3560
5958
7355
2084
5436
5596
2776
879
778
456
-5319
-3969
1051
-6368
643
-1605
-5859
-4769
4311
3263
1370
1238
799
2274
-1460
3189
9104
1318
4521
11554
8975
6750
6355
6378
5820
2602
6933
5535
2509
1361
2389
2784
4668
5384
94
-2935
1983
2255
4250
3340
3176
366
