5218
5467
5025
5638
4687
4917
5320
5446
5227
4636
5226
5358
5051
5725
5225
5729
4769
5554
5195
5447
5470
5182
4590
3853
4047
4050
3969
4383
4680
5241
4500
5127
4330
4295
3906
3981
4036
3828
4098
4816
5431
4455
5188
5346
5270
5815
4381
5462
3643
3523
3319
3229
4343
3652
3439
3363
3849
3285
3241
3689
4400
3752
3714
3694
3582
4078
3356
3547
3524
4124
5146
4044
4248
4505
3723
5096
4502
4059
4081
3864
5385
3496
4302
5753
5160
5683
5166
5371
5621
4846
4448
3981
4188
3955
3769
3921
4028
4205
3888
4067
3884
3947
3770
3946
3858
3930
3985
4017
4763
4836
5069
5293
4928
4211
4699
4347
4616
5265
5584
5538
5813
5246
4571
3959
4049
3822
4883
5274
5155
4136
4514
4210
4536
4035
3979
5595
4972
5254
4779
5781
4789
4377
4425
4023
3980
3740
4196
4033
3935
3982
4332
5249
3902
4027
3472
3988
3667
3059
4856
3600
5420
4804
4088
3938
4344
4441
4109
4859
4808
4052
4044
5166
4757
3964
5615
4346
5409
2064
5129
5329
4427
4083
5164
3745
3863
4540
4564
5424
4452
4385
4277
4105
5205
5154
4875
4086
3546
4359
4242
3669
3855
4055
4196
2315
3893
3942
3920
4299
4318
4138
4527
4246
3533
4178
3577
3560
4009
5329
5091
5294
4976
5130
3951
5375
5372
4834
5127
4339
5357
4069
2292
4367
4082
3312
4574
3944
3316
3812
3898
3573
5058
5567
5686
5565
5496
5455
5301
5339
4209
4078
4314
5433
4375
5244
4664
3869
3939
4133
3392
3333
3496
3633
3214
2922
3509
3761
1440
-9
2430
5072
5731
4930
5512
5560
5196
2199
5254
5520
4503
5156
4205
3831
3462
3742
5711
5112
5428
4620
4343
4016
5134
3889
5190
3058
3503
5102
5492
5290
5102
4357
4348
5419
5006
5199
3955
4198
3322
3358
5519
5178
3224
2997
3751
3666
3831
3240
2876
3505
3511
4624
5064
5243
4034
5355
5300
5253
5098
5745
5363
5654
4467
3855
3983
760
3532
1341
4157
4326
3728
4479
5373
4198
4578
4821
5471
4154
5306
5045
4857
5290
5259
3905
4803
4255
4786
4227
4070
5005
3286
4096
3226
3683
4235
3529
5112
5312
5377
5116
4585
4654
5721
4693
4635
2601
3442
3352
1287
3523
5405
5533
4217
3935
3740
3321
3521
3770
3985
4052
3998
5372
3956
5079
3326
3974
5417
5623
4756
5595
4809
5351
4296
4236
3933
4177
4130
3508
5196
4856
3714
4079
4655
4708
4968
4708
3784
1296
57
3710
1876
5625
5478
5692
4915
3873
3894
4000
3833
3784
3739
4034
4015
3851
5658
5038
5786
5645
5520
4945
4223
4907
3229
3870
5727
4890
5629
4993
5040
3898
3908
3902
3983
5438
5306
4417
5820
3950
4501
4534
5133
3028
-22
5259
5532
4800
3822
2855
-805
4214
5414
3586
5137
4628
3489
3164
3627
3546
3639
5428
4852
5261
4246
2428
5529
3506
5636
5380
5726
5280
5397
3708
3841
4971
4314
3943
4043
3895
4170
3564
3929
5245
5221
5355
3871
-959
2171
4015
5284
5597
3458
3210
3066
2169
3680
5023
4762
5128
4720
1276
2961
3496
3523
5271
5477
5534
4574
4120
5330
4551
5443
5649
5205
4475
4469
4741
4274
5200
5178
5446
4904
4376
5453
5358
5216
5277
5439
5234
5714
5477
5423
4696
3853
3407
3570
2499
4455
5691
4951
5411
742
5065
3850
4073
4366
4416
4139
4316
4049
4205
4274
4055
3333
3537
3946
3832
2879
5114
5703
4999
2542
-791
-737
598
4642
5109
5453
5636
5493
5747
5064
5377
4277
4266
5374
5101
5426
3056
698
5312
5345
4057
3649
4534
4374
4354
5227
4563
3901
4100
4195
3623
4978
4748
4846
4470
3246
4106
4141
3701
2722
5573
5465
5399
4942
5450
5198
4091
3841
4901
5087
3239
4997
4693
4936
4622
3668
874
5330
5156
5300
5405
4273
4166
3553
4182
3750
3326
3358
3549
3280
3344
3215
3718
3613
3772
3642
4109
3983
4296
4222
4255
4359
3188
4934
4466
3839
4024
3650
3807
3914
3913
3311
3749
3932
5391
4636
5472
5517
4967
5077
3326
2749
5386
5324
3988
3968
3785
4315
3191
3515
5119
5189
5327
5718
4959
4987
5160
3372
-874
-796
-861
-916
744
5587
5348
4340
4203
3961
3912
4127
5116
4986
4297
4301
4094
4121
4387
4235
3798
3950
3700
1496
2514
3952
3713
3958
4127
1602
104
-870
-819
-730
-785
-839
-933
-770
-886
-876
-837
-815
-828
-731
-837
-771
348
2523
408
-765
-538
3826
3692
4022
4113
4089
4094
4094
4136
4080
4097
4063
4055
4088
5316
5306
3933
5218
5321
5139
5116
4862
3411
5641
4024
3938
4196
4080
4030
4087
4330
5201
5554
3012
3902
4282
3664
2879
-788
-521
1331
3659
2945
3125
3494
4046
3805
4915
5258
4926
5678
4565
5190
4060
4914
5049
5513
5364
3601
3699
5471
4976
5362
5789
5434
4308
390
15
5034
4216
5530
4906
4740
4406
4409
2957
2941
2080
3032
5543
5529
5332
4584
4148
4385
4401
4247
3928
4711
3564
3336
5215
5277
4474
3733
3958
4233
3887
3989
3913
4340
4404
4388
4202
3922
4323
5472
5327
5318
5572
4844
4404
3900
4536
3853
2841
5561
5365
5621
4904
3769
3855
4997
5042
5146
5604
5098
5557
3943
4020
5273
5605
3691
4815
4895
5281
5603
4920
5595
5003
5010
5259
5177
5366
5588
4608
5400
5304
5081
5103
3652
4898
3484
2055
4742
5003
5558
5603
5380
5257
5150
5026
5276
4913
5631
5190
5415
2808
1465
4878
5701
1887
5669
5168
4424
4111
4748
5357
4602
4616
4560
4297
4174
3577
3945
4194
4013
4305
3509
3578
-862
-765
-844
-821
-911
-790
-747
-883
-826
-661
-853
-719
-662
-961
-646
-922
-922
-648
-883
-817
-844
771
4009
4313
4298
4137
3735
4229
4427
4151
4119
4358
4077
4174
4136
3373
3586
5471
5296
4567
4007
5039
4083
4190
4194
4179
2978
4539
5527
4996
5356
4377
4206
3784
3988
4039
4153
3763
4059
3932
3763
3726
3841
