-1657
-549
-1695
-1235
-3312
-1145
-3253
-1131
-1645
-541
500
-58
-1744
-2747
-2225
-1168
-2192
465
-1135
-581
-3902
-648
-533
525
-2888
-3264
-274
-1778
-2235
542
491
-87
-2815
-2283
-1084
-2211
-2247
-2250
-1115
-2224
-2288
-2223
-2363
-1733
-2194
-2209
566
-1093
-570
-623
-1714
-545
-608
-1208
-1200
-1776
-702
356
-1632
11
-3728
-1754
565
-713
-2831
-1562
-1682
-1082
-1092
-531
501
576
553
543
-574
-1093
-1072
-2258
-1039
-1144
-1736
-1077
10
-3281
549
-1638
-1293
-2164
-539
-2245
-3874
-3367
-3302
-1620
556
-2302
-1660
-1561
-1107
551
-1583
549
499
-1130
-1078
-1682
-1802
-857
-1209
-1058
-182
-523
-1701
549
-577
-4436
-4448
-3927
-6940
-3897
-5372
-3856
-1569
-2292
-1153
-2717
-568
-1151
-41
-2175
-1750
-1068
-748
-1617
-577
-2210
-1145
-2786
10
-1688
-2228
-2282
-262
-1702
-2212
-1098
-3795
-18
530
448
514
-1694
-1747
-2748
-1648
-590
-2854
-1731
-1075
-1605
21
-600
540
-1617
-606
553
565
569
486
-549
518
557
567
-1111
-601
-2226
-515
-2205
572
-2872
4
-2183
-1798
-542
-2280
-1126
-1243
-71
-491
-618
-634
-2188
27
-1174
-1673
-1640
-1074
-1099
-2213
-1608
-1648
512
-534
-2130
-2227
-1070
-1686
-2310
-2188
-1711
-1044
-1755
-7
-36
-656
-2220
-536
-3282
-2290
-2202
-2291
-2171
-1793
-1711
-2143
-657
-2207
-2247
-567
-559
168
-1724
-277
-1711
-2187
202
-1308
-1238
-1731
-15
506
-525
-2210
-2297
-1659
-3262
-590
-1673
-754
-1340
-1674
-2274
-3829
-579
-1084
-566
-2684
-3874
-3921
-2226
-2259
546
-2798
-85
-2149
-1684
-2281
-1603
-1693
-2807
-2265
-5871
-4182
-1127
-1212
-23
-1644
-667
-1128
-2764
-535
-2318
-1128
-2186
-2198
-629
-18507
-17890
-619
-2240
-2314
-1109
551
-594
-2728
-1158
-1760
-3772
-2820
497
-462
-534
-582
-1762
-1745
-1754
572
551
39
-2852
-4838
-1551
-1670
-638
-3774
-3851
-3394
-2825
-618
-2136
-490
-2236
545
570
569
554
578
570
572
60
-2224
57
579
581
576
571
579
573
57
573
578
-1702
-2791
-1762
-583
552
566
568
571
581
-627
-1655
-2754
-555
-2277
580
567
58
-553
-550
-1061
-1112
-349
-3275
-1323
-1695
-1674
-1292
-2309
-584
530
-2268
-2324
-9309
-6396
-6866
-1721
-1099
-1618
566
573
-1644
-1626
537
-2734
-1703
50
525
577
540
545
-1087
-1054
554
-1065
-1687
9
404
400
-2195
-1734
-1654
-1102
-538
-1681
-1093
-1151
-1666
-1155
-1702
-512
-1688
42
-2784
544
-564
-551
556
-1683
-1090
-2233
580
181
-604
-560
-1646
6
-1189
-2677
28
-2220
-180
-1736
-247
-1313
-1705
-1150
-1723
-1650
-1175
-528
-2268
-1135
-253
-1726
-1120
452
-2247
-1079
589
-1150
-2225
473
173
-1749
-1043
-1052
-27
-1614
-1638
-1562
-1189
-1094
155
-1819
-1134
-1667
-1067
324
-2871
-3360
-3328
-1768
-1562
271
-3299
-5940
-7417
-2196
-3314
-2225
-2169
-2243
-1110
475
-1607
-1687
-1641
-2259
-1751
-2266
-3213
547
-2176
-45
-3132
-2133
-50
-1169
-2303
-3759
-1138
-2648
-2160
-41
-1156
-3742
-2705
-1673
-1682
574
550
563
-4258
-1048
-1145
563
24
-598
538
-1615
-1351
315
-1096
550
-1103
535
565
15
-62
-1576
534
556
549
533
-2796
-1087
-1704
-2771
-3259
-1073
-2666
-154
51
545
-2209
9
-1726
-2202
-631
-2780
-29
-2768
-488
7
-2272
-1707
-1059
22
-2287
-586
-1078
572
570
-1071
575
-3098
573
558
571
568
572
555
-1102
-2180
-1141
481
-1150
-2751
-1072
-641
552
561
540
-1113
-2740
559
-2778
-2100
-180
257
-1576
-74
-1521
4
-1114
-1115
-1645
604
-1693
-1689
-1174
-12
-555
523
-589
422
-1668
-1207
-1668
-3792
-1716
-1653
-1102
-592
-1581
-1660
-1087
469
-1131
516
-1114
-615
-1670
-1194
-2243
-1130
-2735
-1635
-532
-1694
-2200
-1109
-1215
-1041
-599
-4380
-1218
-6
-620
-2115
-3737
-600
560
558
-1129
-1655
-580
-523
554
-1678
568
544
-4345
-2902
-7475
-4325
-4282
-3301
-3315
-2326
-2227
-579
-1621
-1701
-2178
-538
-2202
312
-671
-2202
-768
-1565
572
-1642
-1113
523
-1720
-10985
-11427
-3322
-3431
-3292
-3882
-2313
-2260
-5454
-3348
-2801
-3271
-3976
-3339
5
17
539
-1621
-2713
64
-2155
546
-2186
-1141
-2771
-1133
-1218
-1754
-557
549
-563
-1146
39
540
580
-1190
-2290
-1095
-486
-676
-1753
-1697
-642
-1655
441
-3813
-3312
-3846
-2745
-583
-2175
-2820
-3348
-3326
-3420
-4862
-570
-1074
-2242
-1677
-1090
552
-534
-1213
-2781
-3282
-1652
534
-31
564
-2157
-3234
-2723
-2759
-4300
-3193
-1145
-254
-1311
428
-3741
539
176
-1047
-2679
-1103
473
-1615
337
-1048
-1658
-1161
-2200
-526
-2219
-1144
-1558
-1050
-585
-554
517
-2788
-2277
-1586
551
-1071
480
-2711
-1631
-1305
587
-2227
562
549
-501
-1035
-501
-572
5
-162
-1060
-600
-15
-3243
-1080
-558
526
-1063
-2628
-1653
-2769
-2861
-4368
-562
-652
-1611
-1727
-1797
-768
-2837
-578
-1739
-3302
-36
-1650
-1664
-3344
-1144
-1742
-1681
-1682
-1728
-2238
520
-1157
-2233
-1684
-1729
-6
-1589
-2707
-1659
-1105
-2831
-1036
544
-1137
-2204
-458
558
552
564
-1103
-1761
-2132
-492
563
572
563
-1167
-7024
-6053
-9013
-4879
-8375
-1666
-1667
-50
-584
575
-564
-524
-1640
-9
-1137
464
-569
497
-1195
-2231
-2304
18
-544
-547
-27
-1057
546
-1645
-1699
-26
-2300
-1659
16
-1164
-2768
-1163
-793
-1103
-23
-3336
-567
-1057
-1653
-3272
564
540
-1775
-2616
518
551
-1694
-2224
-673
-62
-1673
-1700
-1112
559
-1722
-479
521
512
470
-2172
-551
552
-608
-2161
-17
-2779
-1729
-543
-8
-533
193
-1217
-1292
-581
577
-1689
585
565
-683
-1586
-1638
551
-2809
-4822
20
523
514
-2153
547
541
-566
-573
-5758
257
-2670
-1170
-1027
-1633
-1671
548
589
536
490
587
571
562
-2214
3
-1601
-2151
-2256
42
515
574
547
-613
-1611
-1109
559
1
574
539
581
21
-1092
39
44
564
54
541
577
554
572
575
572
580
570
583
561
-2729
-520
557
-10
-1071
-599
-2683
6
566
-1634
65
-516
563
31
578
544
31
549
548
564
542
517
578
538
37
-3222
-1179
-3714
560
-3295
-8458
-9973
-10976
-2296
-1085
-2235
-558
-2237
-1110
-1182
-2115
-1693
-1696
-562
-2329
-1081
-2685
13
-568
-1143
-1826
-2223
-1612
524
-1627
541
1
-490
559
-563
582
-513
582
-2193
-502
571
415
312
535
553
-1030
476
579
-856
-1070
-1160
-2183
-1693
-543
519
514
-3193
535
-12
16
-499
-609
-2629
415
-2181
-1649
-606
-2844
-2185
544
561
574
520
557
500
589
-3231
499
-9
-2794
-1127
-2271
569
565
-1191
-1263
-1003
555
574
519
509
-1240
-1311
-2177
-536
587
564
530
-589
-1115
556
566
540
-1138
-2238
-525
-1094
-774
-5932
-1036
565
586
-1660
573
568
557
595
574
580
570
-1527
-2740
562
518
-1161
62
576
588
27
-1734
-1014
569
559
460
-820
-3347
-2289
-2804
-2273
-649
154
-5944
-7457
-5941
-7477
-2813
-3862
-3305
-1692
-3854
-2804
14
-545
565
519
-2154
-3700
565
552
-1244
461
-1684
-1646
-602
-2764
-568
-546
-1197
563
-2221
538
474
536
-2732
-528
516
-613
-2186
519
567
559
550
563
547
548
-5
-1564
-1121
557
557
564
555
545
-2243
-1155
-1602
-3438
-2171
-79
-2223
473
-1138
-579
-1146
-547
519
