3376
2688
2979
4116
4616
4047
4200
3258
3577
3920
3483
4238
4560
4523
4513
4577
4504
4557
4220
3649
3066
4318
3592
4290
3847
4022
4376
4568
3804
3667
2646
4396
4466
4453
4521
4505
4379
4503
4430
4514
4566
4499
4405
4723
4524
4638
4367
3861
4356
3949
3304
4367
4206
4378
4296
4548
4494
4630
4510
4431
4190
3949
4446
4584
4235
4430
4382
3411
3481
3270
3895
4073
4279
3414
4024
4219
4541
4548
4533
4000
4192
4379
3657
3342
3189
3274
3206
3648
3733
4251
4262
3884
3903
3247
4165
4051
4356
3797
3783
3554
4123
4365
3615
4271
4353
3309
3334
3794
4109
4369
4380
4194
3358
4455
3433
2857
3659
3053
3266
3048
4500
3549
4104
4616
3813
4712
4050
2223
3510
4569
4315
4224
3751
3961
3774
3819
4084
3721
3924
3135
4538
3869
3278
3952
3919
4177
4071
4602
4630
4225
4075
4162
4314
4051
3970
4478
4518
4533
4301
3586
3604
3523
4348
4347
4315
4016
4155
3658
4555
4004
4036
3671
4015
3671
4303
4237
4449
4260
4358
4624
4411
4254
4224
3785
4516
4152
4645
4410
4724
3458
4544
4471
4574
4189
4091
3803
3908
4548
4574
3552
3606
3441
3856
4216
3668
3429
3784
3735
3992
4169
4117
4068
3245
3827
4100
4454
4390
3818
3281
3078
3613
3692
4121
3783
3676
3438
3555
3370
4039
4032
3550
3637
3342
3561
3916
4500
4138
4059
4201
4263
3717
4348
4344
4595
4522
4557
4521
4678
4198
4237
4420
4574
4465
4555
4576
4579
4541
4499
4634
4499
4021
4130
3857
3763
4344
4012
3507
4005
3489
3240
3466
3869
3982
4049
4177
4260
3892
3264
3970
3569
3648
3429
3819
4185
4180
4561
4509
4654
3417
3116
3468
3274
3651
4323
3748
3644
4177
4233
3981
4467
4486
4594
4387
4532
4403
4440
4478
4533
3676
4049
3400
4041
3324
4356
4469
4509
4471
4566
4475
4593
4429
3767
4458
3780
4546
4703
4551
4403
3672
3166
4436
4474
3874
3889
3889
3463
3813
3625
3476
4057
3893
4323
3527
4151
4549
4356
3621
3434
3690
4607
3793
3457
4376
4534
4165
4486
4098
3514
4237
3806
4629
4239
4404
4388
3702
4645
3967
3889
4222
3881
3438
4512
4331
4129
4097
3608
3835
4490
3872
4245
4494
3891
4217
4256
4037
4256
4098
4193
3948
4504
4387
3989
4127
3772
3957
3503
4043
4384
4252
3415
3298
3314
3152
3987
3375
4377
4135
4612
4496
4511
4503
4741
4354
4426
4092
3869
3904
4308
4483
4352
4340
4063
4485
4573
4438
4131
3346
4049
3996
3794
4340
3967
4541
3760
3346
4130
3811
4345
4355
4195
4075
3907
4317
4347
4127
3452
4428
4316
4585
4539
4299
4021
4224
4465
3886
4048
4623
4369
4208
4423
4108
4492
4580
4505
4613
4604
4462
4448
4421
4256
3062
4204
4340
3769
4640
4091
3795
4616
4367
3953
3458
4493
3864
3498
3285
3153
2234
4451
4339
4560
4364
4044
4182
4226
4308
4653
4410
4383
4566
4608
4582
4324
4178
4402
4179
4171
4061
4269
4600
4239
4324
4254
4188
4416
4063
4041
3980
3551
3270
4090
4379
4217
4032
4276
4161
4401
4110
4169
4281
4185
4125
4116
4000
4164
4235
4032
4445
4418
4476
3575
3503
3629
4066
3644
3836
3758
3639
4280
4518
4275
3198
3949
4486
4498
4543
4588
4500
4056
4513
4384
4014
4437
4395
4253
4131
4057
4199
4566
4472
4538
4075
3564
3659
3582
4419
3792
4137
3261
4481
4466
4191
3914
4032
4294
4066
3258
2992
2834
3599
3556
3379
4242
3539
3911
4443
4003
3546
3632
3947
3849
4008
4105
3701
3228
4037
3914
4097
4241
4347
4006
4522
4501
4518
4586
4489
4507
4332
4152
4234
4579
4541
4534
3819
3953
3495
4284
4027
4003
4116
4397
4521
3700
4420
4376
4055
3988
3761
4324
4534
4431
3358
4493
4161
4654
4443
4354
4153
4288
4115
4616
4578
4581
4340
3988
4034
4696
4470
4532
4583
4510
3975
3639
4017
4295
4122
3948
4375
3823
4488
4545
4284
4462
4657
4438
4107
4411
4583
4458
3313
4108
4139
4609
4471
4392
4610
4476
4545
4479
4535
4516
4114
3693
4462
4461
4194
4463
4470
4356
4327
4187
4434
4379
4448
4314
3963
4427
4468
4427
4477
4044
3851
3495
3689
3982
3035
3248
3779
3341
3632
4395
3718
3520
3180
4345
4365
4371
3605
4068
3843
3656
3575
4585
4515
4373
4317
4221
4332
4804
4247
4268
4337
4598
3942
3800
3189
3776
3449
3447
4417
3925
3649
4464
4508
3900
3955
4079
3310
4198
3751
4303
4231
4400
4280
4316
3758
4054
4436
4556
4329
4171
4101
3563
4410
4591
4390
3841
4311
4537
4180
4234
3425
3340
2762
4407
4091
4525
4477
4291
4580
4364
3561
3190
4223
4338
4060
4411
4115
4456
4514
4228
4345
4181
4009
3776
4316
4479
4083
4547
4555
4401
4443
4633
4366
4042
4591
4457
4380
4339
4459
4387
4495
4581
4414
4259
4584
4430
4344
4521
4152
3949
4255
3693
4532
4466
4630
3658
3092
3562
4052
4201
4056
4401
3811
3352
2517
3931
3240
1972
2652
4287
3293
4198
3373
4466
4553
4484
4482
4027
4761
5194
4981
4135
4315
4279
4676
4051
4289
4296
4443
5018
5028
4644
4594
5248
5708
5965
5895
5790
5755
5930
5887
5604
5619
5142
4596
4445
4754
4892
4585
4335
4986
4734
4669
4981
4724
4103
4302
4701
4533
4521
4432
4519
4399
4428
4680
4183
4466
4529
4460
4531
4490
4404
4419
4494
4492
4642
4433
4421
4457
4412
4559
4459
4621
4415
4595
4424
4518
4393
4442
4469
4628
4421
4445
4437
4378
4524
4581
4441
4670
4444
4662
4512
4352
4349
4501
4448
4469
4363
4411
4372
4397
4703
4346
4485
4527
4507
4579
4744
4494
4468
4485
4544
4463
4446
4602
4373
4116
4443
4011
3510
3886
4129
4368
4055
4180
4578
4036
4147
4223
4137
4111
4293
4268
4046
4055
4393
4352
3932
4212
3859
4034
4412
4873
4322
4484
4501
4533
4454
4486
4527
