5616
4865
5540
5639
5575
5182
3988
3545
5425
4811
2699
3590
5483
5526
5570
5677
5573
5121
4978
5567
5204
4804
3655
4707
5349
4810
5386
5551
4956
5157
5240
5530
5667
5207
2809
5079
5539
5553
5502
5647
5471
5676
5221
5048
5473
5525
5223
5276
5638
5591
5585
5627
5401
5442
5032
5257
3353
4771
5415
5587
5454
5507
5673
5545
5522
5548
5600
4889
5215
5526
5458
5000
5333
5534
5605
5717
5500
4990
4702
2775
3840
5602
5525
5287
5718
5549
5502
4981
2445
5514
5682
5591
5431
5627
5227
5585
5552
5159
5091
5288
5101
5550
5197
5064
4878
5581
5668
4617
4812
5435
5482
5052
5498
5541
5682
4824
5534
5569
5535
5472
4986
5291
5643
4008
-307
2060
5553
5558
5458
5683
4987
5640
5665
5600
4245
3733
3050
5056
5467
4726
5159
4985
5672
5669
4855
5067
5035
5556
5562
5555
5255
4936
4688
4749
4738
5386
5505
4803
4834
5029
5642
5313
5108
5602
5666
5622
5271
3766
5193
4981
4886
5008
5003
5577
5100
5218
4986
4780
-260
3568
5422
5078
5101
3151
-628
2874
4789
5034
5029
3321
5627
5505
5146
4689
3338
4752
4127
5266
5535
5541
3618
606
2950
5612
5440
5047
5518
5596
5165
4917
5045
4463
4621
5618
5076
5499
5546
5371
4966
5635
5461
4928
4945
5109
5309
5522
5586
5075
5098
918
4325
5057
4948
5129
5678
5625
5697
5554
4905
4751
5540
5629
5217
3691
5150
5581
5558
4718
2281
5280
5540
5306
5056
5515
5491
5487
5579
5668
5623
5573
5574
5054
4570
5586
5567
5468
5020
5008
5194
4879
5651
5342
5048
4993
4856
5077
5026
4873
4959
4471
5689
5609
5582
5533
5596
5520
5561
5664
5577
5657
5595
5019
4986
5141
5468
5590
5483
5540
5186
5111
4943
4911
5144
4880
4990
4916
4908
4953
4958
5162
5199
5633
5506
2015
4637
-689
5132
5596
5583
5473
3136
5156
3838
5107
351
2509
1513
-774
-655
-724
-658
-562
-922
-789
-737
-805
-680
2945
5826
5846
5787
5659
5831
5786
5657
5882
5489
5810
5755
5772
5679
5787
5758
5746
5671
5803
5811
5833
5734
5675
5777
5715
5707
5780
5803
5705
5763
5867
5688
5783
5652
5781
5703
5756
5715
5702
5841
5797
5739
5741
5629
5690
5611
5803
5732
5771
5760
5699
5701
5689
5648
5727
5810
5688
5721
5698
5665
5824
5768
5906
5667
5748
5835
5742
5794
5812
5665
5774
5694
5817
5724
5849
5720
5618
5817
5652
5744
5787
5760
5738
5710
5779
5743
5707
5796
5830
5694
5646
5740
5846
5756
5711
5651
943
-889
-279
-470
-246
-607
-343
-607
2912
5754
5781
5782
146
-695
-793
-689
1557
-961
-749
-858
-756
-690
-910
-729
-858
-746
-882
-818
-886
-874
5356
5722
5848
5697
5587
5735
5868
5732
5646
5698
5750
5721
5761
5766
5710
5791
5703
5762
5738
5749
5701
5690
5634
5703
5754
5536
-124
-760
-495
-808
-795
-859
-1000
-403
-819
-674
-747
4920
5815
5832
5586
5837
5657
5739
5684
5694
5751
5859
5815
5685
5758
5774
5786
5793
5715
5747
5850
5824
5762
5702
5784
5839
5690
5806
5793
5925
5372
5678
5651
5808
5867
5777
5778
5731
5686
5679
5860
5848
5818
5789
5562
5718
5759
5852
5617
5658
5770
5665
5736
5748
5790
5659
5555
5711
5774
5789
5721
5739
5859
5550
5752
5647
5774
5837
5746
5741
5775
5677
5857
5788
5734
5830
5678
5751
5832
5761
5821
5671
5780
5903
5575
5736
5813
5730
5830
5690
5701
5685
5777
5689
5702
5759
5836
5694
5811
5827
5863
5805
5508
5735
5779
5761
5790
5721
5728
5787
5751
5546
5696
5616
5738
5729
5700
5309
5841
5688
5784
5705
5812
5774
5898
5750
5749
5800
5780
5886
5873
5798
5862
5866
5720
5760
5783
5725
5790
5761
5830
5906
5697
5726
5865
5704
5700
5812
5799
5651
5783
5612
5823
5809
5727
5661
5574
5781
5565
5620
5622
5789
5748
5792
5920
5787
5768
5593
5733
5512
5813
5593
5642
5824
5772
5831
5763
5798
5814
5757
5737
5860
5694
5203
5486
5519
5744
5778
5733
5849
5682
5677
5724
5764
5846
5767
5771
5704
5791
5782
5756
5778
5849
5732
5868
5723
5689
5725
5663
5787
5763
5823
5866
3707
-572
-712
-538
666
2809
5858
5805
5740
5818
5741
5685
5864
5692
5866
5696
5816
5813
5801
5733
5598
5835
5773
5830
5793
5646
5842
5668
5429
5579
5609
5801
5741
5809
5738
5784
5739
5779
5671
5108
5284
5647
4956
5687
5736
5725
5781
5741
5869
5750
5733
5764
5799
5648
5576
5704
5769
5759
5631
5817
5839
5686
5888
5824
5662
5604
5717
5505
5708
5675
4428
-582
-547
-432
-565
-852
-923
-922
-234
-871
-743
-558
-606
-195
-649
-558
3920
5776
5881
5866
5764
5819
5639
5727
5810
5838
5868
5618
5719
5720
5682
5825
5754
5765
5714
5804
5775
5713
5751
5741
5730
5737
5757
2983
-815
-390
-839
-693
-617
-775
4019
5747
5809
5752
5792
5752
5651
5753
5757
5803
5743
5674
5741
5686
5800
5762
5731
5840
5727
5812
5622
5708
5567
5775
5811
5819
5609
5684
5662
5771
5713
5698
1572
-844
-637
-857
3100
5836
5850
5755
5789
5585
5722
5846
5653
5634
5639
5678
5831
5812
5811
5895
5753
5775
5551
5848
5775
5799
3797
-634
1908
5828
5728
5288
637
-850
2221
644
1824
5618
5631
5777
5733
5574
5850
5699
5768
5727
5906
5756
5740
5719
5636
5736
5531
5793
5683
5774
5816
5695
5626
5715
5791
5665
5758
5763
5722
5753
5687
5747
5808
5772
5623
5717
5526
5708
5738
5601
5854
5698
5752
5733
5683
5852
5783
5671
-402
-753
1270
-446
-781
-874
-750
-878
4171
5764
2735
-644
-762
-718
-961
-739
2513
5346
5769
5805
5732
5799
1670
-806
-923
-884
-923
-556
-664
-865
-813
4693
5848
5501
5613
-456
3127
5832
5817
5791
5809
5784
5824
5690
5744
5792
5804
5796
5768
5702
5827
5703
