-3799
530
523
505
534
514
589
554
-2158
-5450
581
556
572
563
578
553
548
568
569
526
544
536
546
526
547
562
568
561
563
582
545
542
566
579
581
568
563
557
550
557
545
534
572
571
573
561
544
553
553
559
560
543
520
529
545
537
548
549
514
526
502
552
545
536
545
523
546
534
499
535
562
505
557
544
537
536
551
520
554
539
551
530
531
542
539
511
512
513
496
499
471
473
478
459
438
415
-1106
-2163
559
551
11
560
-1068
-4871
467
552
560
559
548
557
552
557
560
565
577
571
577
574
551
561
549
555
558
562
565
576
578
572
576
578
570
550
557
548
555
548
557
563
557
556
549
541
540
532
504
480
451
395
416
445
420
394
426
481
482
482
497
508
482
507
505
481
503
497
462
479
467
514
514
520
527
491
519
509
533
525
528
532
515
524
499
495
481
503
549
575
556
561
570
554
571
558
577
575
566
583
545
573
571
564
569
543
486
539
508
510
499
529
525
518
503
495
529
489
499
522
515
527
499
519
-1137
-5385
-3208
534
537
546
542
552
540
542
567
538
561
555
570
510
-486
530
515
541
551
564
552
552
555
559
557
549
577
540
572
547
570
580
532
554
540
575
565
557
555
580
536
540
567
547
563
549
547
554
555
559
562
574
533
552
533
560
550
550
541
532
517
527
516
500
484
540
506
524
475
457
409
450
484
481
500
532
549
536
546
536
551
543
551
543
537
552
544
550
554
535
562
551
540
553
555
556
559
551
561
554
583
564
546
529
550
536
523
539
516
533
