402
3480
2236
3570
3189
4307
4601
2695
3039
4162
4443
1919
3696
3356
2704
4423
3174
4567
4425
4498
3877
5468
4588
4826
3082
4129
2670
3771
2882
3689
3915
3526
4015
2982
3605
2852
4101
4225
4370
4312
4270
3850
3482
3403
3489
4702
5817
3109
1982
3817
5178
3965
4156
4967
5717
3872
5191
5686
4918
5589
4364
3060
2702
362
2297
3670
3818
3564
3101
1803
2639
4781
4894
5386
3000
3993
1202
3239
3719
3761
4667
4794
3997
3450
4415
4611
4231
4017
4003
1547
4238
5532
3595
1783
4385
4115
5580
2973
4029
5077
4203
4436
3468
4888
4100
3196
2581
4337
4316
3345
3676
1380
2718
3585
4353
2227
4657
1649
2940
4218
4821
5403
4235
5432
4314
3912
4203
2951
3885
2827
2017
2592
3589
4189
4037
4744
4090
2657
3895
5058
2235
5090
4910
4380
3541
3560
4462
4800
3668
2801
3362
3782
4141
3567
2891
2861
3507
3586
3724
4263
5722
2798
3947
4002
4216
3454
4711
3930
5016
3780
3316
4136
1342
3506
3138
4924
3314
4332
3295
4941
5789
3214
3111
4859
3411
3977
4324
5188
3518
4034
4548
3818
2658
4578
3802
5341
4313
3910
5433
4926
5226
4431
3098
3901
3866
5128
3052
3790
5383
4036
4808
4831
4212
4625
3938
4038
3439
5515
4513
4522
3423
5419
1541
5277
3768
4320
3833
4625
4162
4347
4781
5225
5194
4720
5253
4264
4576
2337
3144
4229
3490
4106
4069
3014
4961
4490
3418
4998
4638
4674
3614
3810
3683
2934
4582
2932
4385
3936
4554
4804
4912
3136
2452
4940
3060
2823
4158
3892
3094
4992
3622
4349
3618
4843
3261
2406
4061
4606
4380
2828
4344
2469
4063
4925
4884
4578
2730
4560
3730
2758
4230
3431
2818
5151
5330
3449
5099
4465
4145
3547
4844
3569
4575
3480
4738
3464
4603
2121
4525
3837
3465
3787
4850
3419
3219
3626
4910
4471
4104
3655
1243
4039
4851
4601
4645
4776
3953
4783
4986
3858
3527
5357
4907
3756
4734
5558
5035
3827
4961
4813
4008
4629
4380
4088
5219
4304
4149
4268
3124
4557
3938
5370
5425
5663
4852
3102
4089
4252
4603
5024
4382
5728
5303
3118
3403
4184
4663
3528
3683
4972
3105
5243
2714
4655
3729
3260
3988
4657
5370
3318
2640
3649
4311
3727
2989
4794
2825
3135
4554
4033
4418
4803
4729
4517
3135
5294
4004
4712
3565
4471
2779
3096
4654
3692
4199
4402
5169
3472
4089
2631
4380
5016
4684
3649
4920
4477
4747
4939
2471
3373
4616
3576
3805
4868
4149
4111
2984
3963
4487
3807
4858
3846
3880
4070
5705
3105
4389
5193
5758
3783
2835
4327
3249
5159
4940
3884
5532
3838
4291
3108
3571
3000
3584
5099
3694
3968
4158
4714
4003
4226
3074
3439
3123
4626
4755
3971
3040
4460
3896
5431
4716
3927
3437
3505
3893
3695
2586
4016
4807
2510
4373
4923
3830
4667
4555
2733
3827
4109
3227
3572
4134
4683
4868
4693
3873
4629
4646
4036
2232
1035
5179
5321
4585
3735
4094
2859
3395
2723
2420
3394
4190
3466
2963
3836
4892
4495
4831
4372
3510
3616
4071
3634
3322
3986
4344
5159
5207
2504
5731
3216
2360
2784
3954
