5706
4610
5509
3716
5196
4227
4112
3663
3993
4113
3932
3552
3908
4237
4353
4135
2918
4303
3784
3162
4294
4332
4018
4316
3545
4056
4113
4247
5466
4750
5526
3886
4139
4884
3979
3984
3957
4163
4351
3611
3968
4089
3507
4272
4292
3980
3473
4097
4057
3758
4470
5337
5352
5008
4104
5004
4983
5503
4904
5110
5360
5230
4152
2423
5357
4475
4890
5016
5896
5825
5298
5817
5734
5660
5281
5783
5454
5850
5751
3115
3373
3211
5456
4743
3978
3366
3704
5482
5255
5271
4954
4997
4790
5098
5520
5102
4152
2505
5365
5416
5458
3921
5171
5538
4787
4253
4880
5025
4874
4707
4855
4898
3437
