3149
4155
3873
3880
4009
4670
4658
4795
5040
4885
4782
5097
4865
4742
5079
4842
4733
5040
4839
4803
5049
4759
4839
5055
4775
4831
5409
5013
4703
5013
4889
4815
5062
4824
4733
5055
5545
4843
4712
5036
4866
4781
5080
4776
4742
5110
4810
4826
5046
4761
4873
5028
4752
4861
5048
4778
4928
4992
4738
5031
4923
4698
5094
4868
4760
5068
4821
4787
5359
5233
4874
4726
5124
4800
4857
5129
4732
4859
5065
4739
4854
5029
4761
4969
4929
4814
5035
4909
4812
3745
5038
4749
4841
5051
4703
4840
5108
4749
4893
4982
4832
4998
4910
4807
5047
5341
4866
4765
5068
4884
4744
5078
4811
4803
5080
4777
4852
4788
4624
4849
