-3815
-1665
-2778
-1112
-2192
-2259
-553
546
559
535
529
518
453
453
-1684
429
518
-1606
-65
501
494
502
512
538
505
473
515
529
559
537
528
-1129
-2827
-4338
530
-3828
-3260
477
363
308
319
582
487
469
593
506
492
540
495
518
521
510
499
561
524
475
541
525
563
545
534
531
489
-89
450
503
-4347
-3900
-4426
-721
-3840
382
371
-1676
-590
-160
-5415
491
506
578
536
499
534
547
550
530
537
504
551
570
578
585
563
538
505
526
541
510
571
552
557
467
529
540
569
525
517
-562
-4932
-1753
426
561
553
547
529
494
474
518
516
556
563
557
518
528
510
538
579
541
529
539
544
483
493
525
528
525
520
519
544
512
526
564
514
563
489
521
-3826
-626
508
534
570
489
479
569
545
521
538
553
534
486
514
530
563
462
486
462
529
516
526
522
573
557
571
557
568
534
500
548
547
490
505
-3261
-1153
479
478
506
570
518
535
491
580
516
-1181
-1046
553
476
470
455
541
564
571
513
487
489
546
600
554
539
537
508
557
563
545
560
556
539
591
550
564
553
569
604
593
556
522
485
534
474
531
544
558
523
531
16
-4909
-2800
563
559
470
554
563
-1581
535
541
516
-622
511
565
537
540
542
543
473
497
450
497
559
502
510
509
456
495
490
534
454
503
510
461
-604
498
508
514
527
525
509
529
-2716
-16
517
532
510
534
442
544
559
543
540
520
544
529
535
508
532
565
535
518
543
499
530
507
492
500
484
496
526
496
508
521
529
513
493
489
489
-84
442
377
349
373
-4931
-4352
-1218
-5459
-677
421
438
462
-614
537
511
494
487
470
487
517
522
549
535
494
-1151
-1229
408
473
443
452
417
525
497
510
478
-2265
476
445
434
479
486
480
440
506
518
485
506
513
514
493
-2758
-3286
-5439
-1139
500
-36
476
480
440
452
-1643
-8472
-2800
400
458
462
451
497
471
530
489
516
521
-22
535
511
520
489
-3234
511
491
549
513
518
464
524
563
524
577
564
516
528
521
571
26
-3791
308
250
-4966
-2737
568
541
530
542
533
560
-2112
-1703
562
490
528
-1065
-631
-1681
496
552
526
538
466
456
476
515
491
-555
479
510
539
468
-42
-49
475
510
-559
-1155
-1078
521
511
525
531
554
-1126
-1117
545
-81
8
513
514
511
525
504
492
538
520
530
522
478
509
450
-1737
-1827
-2317
-757
-1094
-2732
469
529
542
539
