2638
2858
2928
2708
2381
3009
3155
3300
3504
2655
3726
3166
2650
2794
4229
3202
3583
2358
2628
3037
2996
2844
2742
2388
3069
3270
2664
3310
2811
3312
2727
2777
3015
2770
2838
2647
2755
2934
3438
2895
3231
2083
2858
3754
2908
2681
2175
3266
3347
2736
2616
3697
2761
2189
2262
2449
2038
3253
2698
2427
1642
2534
3318
2231
2347
2293
2812
3135
3666
2781
3350
3834
3790
3104
1726
2547
2639
2890
2421
2675
2790
2749
2771
2826
3695
3794
2790
2527
1799
2450
2844
3080
2665
4360
1938
2652
2938
2315
2898
2825
3059
2738
2657
2998
2224
3173
3203
3620
2817
1866
2709
3269
2526
2264
2320
2739
2519
2281
3858
3470
3095
2422
2495
3449
3001
3999
3642
3537
3620
2055
3430
3220
3550
3445
2750
2656
2850
3210
2824
1569
2547
2915
3473
1907
3064
1938
2731
1807
2189
1843
2767
1770
1976
2885
3150
3108
2882
2431
2450
3526
2821
3423
3100
3607
2628
2103
2216
4221
2739
2880
2303
2536
2594
3018
2233
3163
2831
2727
2853
2842
2185
3805
2870
2673
1954
1549
2544
2838
2877
2859
2603
2491
2430
2297
2481
1271
1640
2439
3001
3100
3439
3978
1157
3055
2570
3441
2126
2213
1231
1492
1666
1423
1269
1914
1171
1438
1826
2759
2207
3224
2750
2362
2657
2752
3781
3087
2616
2906
1461
3628
2893
2333
3068
2945
2488
1898
1987
2180
1680
916
2503
1903
2620
2997
2835
2033
1746
2243
2324
3235
2344
1920
2855
3276
2778
2865
2335
1532
2739
3256
2871
3467
3834
2663
3177
