2956
3227
4101
1877
4675
3393
3709
4349
2868
2764
3770
3323
4968
2930
3530
3045
4137
4155
4873
3485
3386
3393
4339
4030
4191
2558
3271
2355
2796
2857
3331
3730
3491
3770
3104
4139
4182
3642
3904
3316
1819
2957
3040
3787
3522
3677
4618
2943
3396
2698
4526
4560
4012
4392
4656
3842
3076
3027
2221
4947
3945
3977
2682
3572
5237
2985
5420
4560
3491
4199
3508
2892
4043
3097
4359
4163
1143
4211
4831
2468
3641
3468
3493
2937
2991
2803
3494
2359
3707
3192
1930
2986
2839
3286
4588
4859
3809
4595
3918
1451
3366
4294
5392
4206
4471
4735
4338
2797
3581
3353
2146
3665
2019
3779
4142
2524
3706
3059
3094
3882
3088
2768
3487
4189
3091
3954
2353
3749
3653
3934
2925
3879
4441
4350
4758
4502
2518
2699
983
3864
3823
2912
4393
4670
3984
3343
2969
3608
4272
1987
3693
3291
2909
3407
2784
3694
2554
3646
4252
3615
3190
2498
3852
4368
815
3817
3402
3099
3690
1695
4143
3859
1764
4590
4289
2931
2330
2758
2888
3089
4540
3283
3709
2831
3792
4265
2993
2867
4381
3327
4354
4057
3305
3471
4559
3400
3513
2766
2511
4826
2434
3280
5488
4645
2060
4567
3685
3694
3128
4196
2862
2894
3300
3213
3365
3650
2688
3384
2611
3306
4283
2876
3658
3214
3172
2624
2966
3611
2839
3175
2224
4932
4788
4462
3777
3583
4326
3569
2041
3062
3755
1570
3339
3194
2740
3068
3823
4085
3120
2356
3386
4036
3228
4764
2011
3283
3626
3000
4584
2788
2901
1732
3592
3674
3510
2047
3153
4812
2436
3774
1996
2057
3755
4177
4522
4356
5058
4746
4711
1497
3613
5004
3819
4426
1787
2868
3478
3075
2398
2311
4557
3883
3492
542
3139
4706
4391
3583
2205
2703
3786
4972
2581
2531
4251
4335
4871
4175
4779
3823
3660
2118
4971
5178
3893
3677
5239
3920
5086
4526
4816
3569
3400
1989
2639
4106
4911
2764
3158
3525
3406
4252
3432
1873
3371
1894
3434
3456
3516
4202
2732
1868
3598
4711
3585
3125
4016
4299
2865
4002
3180
3323
3584
3018
2356
4786
4885
3723
2736
3321
4132
3391
4080
2655
2378
3424
4141
4164
4834
4151
2414
2233
2035
2944
2774
2686
3690
4639
4155
2677
3496
2828
4473
2507
4163
2725
2314
2693
3807
3271
2541
2574
2510
2973
3752
2716
3308
1942
1962
4027
2542
4239
3567
5287
4461
4283
4520
5035
4375
3167
3731
3369
4473
3141
2860
1991
4865
5312
4609
3786
3749
2976
1530
3615
4939
1988
3658
4023
4558
4678
3522
3335
3578
3525
4602
3409
2809
3918
2468
3344
2814
2818
3077
3986
4695
4835
4984
4337
4162
4562
3356
2483
3099
3957
2872
1906
3290
3859
3462
2152
3355
2513
2951
3885
3488
2890
3836
2865
2707
3884
3064
3111
2514
3820
3225
3949
3392
3704
2221
3231
3560
2241
2822
3747
3605
3973
4133
3359
1265
2953
1326
3772
3757
4167
3352
3420
3949
3181
3851
4171
2802
3278
3910
4762
4232
3888
2024
3575
3904
3306
2570
3450
2879
5006
3862
4247
3679
2749
2428
3436
3513
2697
1577
4800
2479
3138
3334
3450
2702
2794
2672
3862
1506
3716
4009
3499
4115
2486
3315
3234
2349
2437
3977
3801
3541
1940
687
2526
3875
2356
3590
3638
3265
3186
4682
2541
2515
3415
2073
2945
3386
4618
4515
5111
4539
4804
3219
4543
3729
3300
3032
1676
4129
4035
3549
3764
2943
4051
3448
3415
3824
2951
3840
3171
2811
2815
1279
3252
4390
2417
3246
3537
3561
1123
3961
2914
3075
2924
2791
2213
3232
1087
3459
3115
3353
3347
3336
3142
3764
3101
2629
3916
3677
3825
4906
3604
2705
3758
3078
2475
4260
2958
2939
2328
1405
4770
1747
2043
3507
2872
1781
2036
3527
4039
4120
3552
2923
3257
1262
3258
3982
3888
2746
4330
3264
3420
2804
3049
2839
4096
4393
2477
3611
4502
4061
3423
3549
2698
5032
3630
3386
3576
3601
2801
3429
2396
3443
3790
4497
2369
2998
4242
3714
3556
3997
4576
4072
3134
3846
3762
3305
4390
4221
5012
5245
5016
3063
2976
4617
4243
4591
2878
2107
2794
2821
3953
3681
4202
2934
3036
3719
2659
3241
2833
3997
2506
3206
2899
3740
2209
3731
2494
2890
3522
1880
3998
1014
2768
4120
2555
2696
1914
2130
3528
1476
3072
2349
3589
2376
3028
3804
3912
4631
4796
3756
2796
4144
5306
4156
4381
3621
3603
4281
2942
3268
3200
3490
3615
3092
3811
3223
2982
3960
3514
3348
3299
3020
3501
2931
3981
5166
4597
4311
4101
2689
3812
3481
4153
2547
2394
3052
2636
3413
2459
3649
1365
2936
5289
4243
3478
2975
2718
4887
3627
3582
4371
2657
3433
3457
2642
3658
3520
3380
3737
3924
2565
3093
3467
4103
3868
3958
3681
4630
4692
4715
3308
2597
3585
1219
3189
4455
4354
2926
1533
3391
4792
5161
3563
3913
3333
2970
4754
2700
2988
2860
3597
4546
1942
2210
4700
3108
3436
3687
3836
3901
2917
3688
2646
1981
2219
3953
3143
1656
3572
3463
2449
2672
3033
1036
3271
2297
2441
4673
2936
1302
1531
2206
2325
3801
3073
4414
4514
2608
2970
3323
2946
3277
4189
3973
2763
3880
3158
4791
3115
2909
3719
3846
3517
4694
2525
4570
4301
3325
4074
3239
3899
4351
1918
2869
2619
3939
4019
2077
2298
4310
2687
2237
3416
2213
3199
2941
3321
3735
3626
4062
2752
4364
3942
508
2760
3299
4210
4937
3471
2533
2147
2645
3942
3079
1709
4115
3098
3401
4128
3727
4129
3175
3134
4628
2850
3324
3521
2698
3276
3837
3638
3289
4468
4028
3736
3171
4010
2471
2343
3671
3273
3140
3377
3578
3089
4061
3272
3276
3844
3675
4047
2786
2680
2759
3290
3318
3919
3767
1856
3683
2316
3977
3095
3447
2796
3299
2697
3906
1195
2979
5030
4443
4065
5030
3356
4297
5024
3898
1938
3394
5093
3620
4098
2920
4366
3249
2837
4580
2901
3275
3281
3648
2868
2647
4496
