3893
2621
3204
4431
5202
2650
2947
4008
4762
1919
4763
3885
3291
4818
4009
4267
5068
4833
2021
3793
3846
3972
3774
4257
4455
2757
3836
3917
5067
4655
5078
4278
455
264
2294
2862
4677
3494
4403
4161
5210
4037
4436
3711
1544
3773
2800
4953
4303
4503
4634
4196
3947
121
4345
4311
1843
4733
2781
3819
5328
3564
4288
3676
3516
3263
4542
5261
3765
4774
3915
4893
3567
3095
4816
4067
4063
3874
4472
3191
5388
3661
4905
4065
4676
4336
4534
4524
3034
5516
4310
3747
4252
2937
4811
4642
4980
5641
4056
2763
5262
2885
4099
4783
1302
3454
5138
3471
5043
4558
4175
4334
3085
3432
3507
3487
3208
2856
4799
4479
4400
3912
5390
3867
4730
4562
4562
3127
3970
4755
3719
4237
4990
4905
5276
4311
4806
2761
4604
4833
4646
5085
3299
3970
4582
3670
3618
3324
5526
5275
4659
2780
4559
3358
5569
4901
3087
2288
3680
4358
3862
4103
3220
5159
3645
4025
1965
4521
3887
3924
1935
3749
3922
5308
4861
4894
3885
1294
5335
3752
4536
4775
2455
3135
5146
3227
2465
4772
4466
3998
5209
4641
4737
3998
3433
4551
5208
5199
4501
3868
3312
3508
2591
4539
3643
3400
2460
3255
3209
4405
4040
3167
1557
3948
3323
4257
4236
4977
5122
4054
5599
4585
3424
5186
4932
4174
3886
4456
2670
5428
4781
5256
5238
3756
4139
1868
5072
3470
4340
5537
4651
5382
5472
4286
4409
2803
4264
4223
4715
2747
4236
5574
3974
3997
3392
3712
3876
5534
3831
4164
3509
3587
4053
4126
3031
3008
5240
4396
3032
4278
4766
2819
5517
4168
3242
4286
4778
3524
4029
4515
4254
4914
4348
3214
5182
3350
5265
4283
3886
4457
4164
2945
4942
4475
4483
3689
2739
5389
4668
1871
5525
2944
3874
4224
4957
4345
4514
3243
4374
2786
5489
3917
1453
1614
3295
4328
2788
4160
3832
2804
3283
2818
1823
3237
3823
5187
2745
2060
4078
3196
3377
4541
4442
3635
4431
4891
2755
4903
5365
4003
4073
5250
3173
3357
5684
5050
2915
3771
5239
3272
3265
1895
3136
4413
3261
3758
3654
4660
4154
3876
4783
5026
4612
2783
3297
3823
3334
3786
4347
3842
3427
3518
4599
4903
2961
4185
4192
4557
2090
3532
2364
5318
4029
2836
4176
5108
5046
4073
3885
4165
4344
1919
4467
4951
5230
5056
3397
3301
5080
4428
5040
4290
3100
4295
5358
3817
3200
4760
2508
3072
4829
3353
3601
4747
4265
3396
3989
2181
4670
2978
3979
3095
2256
3832
3332
4147
4590
5348
4847
3909
4196
3976
5298
3048
3836
4867
3614
2973
3443
1406
3094
4292
4678
4194
3309
3244
5422
5414
4476
3826
4969
4003
3011
3681
4369
4396
5361
4955
4136
4650
5258
2986
4107
3031
4835
3781
4283
4502
5180
4145
2523
2667
3701
4853
3705
4754
4158
5035
5242
3833
4333
4680
5471
4794
2884
3883
4110
4624
3062
3377
5116
3810
4709
3371
5409
4300
3468
4646
4491
3463
2615
3744
4850
4738
2720
4885
2695
5051
3054
5257
3973
4769
4765
2111
3909
3367
3597
3952
3761
3776
3768
4773
3745
3240
4109
4122
5080
4565
3950
3841
5113
3961
4323
3912
2085
4268
5112
1854
4446
3686
3808
2303
2653
2384
3603
3381
2606
3784
3681
4360
4155
5150
3500
3519
4131
5236
3433
4786
4167
5021
5080
4237
4651
2570
4299
3941
3487
3693
2984
5410
3230
2719
3116
3884
5323
3358
5608
5026
4473
3421
2730
4109
4220
4601
4182
1367
3553
4931
4671
3741
4165
5579
2794
4435
4814
3220
2943
5487
3379
5496
1938
4056
5562
5021
5051
5027
4486
3217
5086
2738
2680
3975
4095
2534
4924
2785
4761
4340
4509
5224
2979
2352
3920
3274
4753
4570
2769
4264
5171
5550
4230
4565
3753
4958
4858
4500
3632
4387
3100
4766
5100
5363
2721
4196
3331
4339
4975
4425
4522
3380
3557
4639
5660
4456
4954
4641
3804
5339
2579
2647
2818
1995
3982
4444
5183
4509
5003
3245
5663
3922
3066
4814
4347
3700
1986
4624
4957
3809
4524
4030
4602
2832
4267
3078
3800
4039
3598
5205
4307
5493
4226
5056
2695
4385
3436
3348
4399
3258
3926
3534
2628
4728
4009
5462
4897
3301
1811
5361
4154
4678
5601
5149
4111
4370
3591
3552
3703
3945
3690
4419
4557
3061
4334
2172
344
4001
2578
3445
4132
5669
3866
4707
4958
3093
3991
1941
3209
4898
3990
3821
4328
4123
2706
2750
4374
3690
4454
4299
2641
2887
3971
4050
3858
3162
2873
3061
2906
3197
4598
4168
2621
4290
1150
4931
5257
4036
4371
5571
3559
4343
4204
3249
4198
4747
3208
4872
4552
3261
4122
3181
3839
2917
3776
5151
2129
3796
4077
3279
4604
5127
2857
5031
4791
4856
4629
1914
5076
3558
1619
4582
5391
4032
4736
5094
4358
4992
2910
5395
4738
4961
4523
4357
4138
3041
4609
3842
5187
3678
2786
3652
3523
3847
4253
4565
2924
4306
3617
4293
3833
3406
5080
4293
4829
3796
4595
3863
4513
2872
3163
3414
3302
5083
4468
4062
1898
4513
4440
3324
5028
5671
3035
3918
4740
4439
4000
3764
5573
3184
3095
4009
4473
4568
3847
3519
4181
4153
4919
5453
4444
3940
5333
4474
4562
4775
4345
4189
4658
4194
4298
3558
5327
5084
4201
5351
5177
3173
5343
3396
3813
4556
3323
4857
4478
1997
4729
4452
2398
4875
4750
1977
4806
5714
5050
4510
2540
2460
3745
4484
4394
5426
3770
5557
5566
4365
4278
4539
5794
4743
2581
2934
4517
2127
3985
4961
5148
4066
2719
3576
4493
3230
4488
3901
4092
4610
4405
3300
1932
2302
5070
1773
4738
3589
3425
3696
1475
2910
2479
3373
3490
2736
3828
3937
4053
4811
4561
5355
3636
3560
5292
4731
3226
3427
4499
4036
5141
4418
4932
3875
4840
3310
2623
4791
3589
4565
4414
3861
5099
4581
4475
4944
2055
5253
3972
3021
3044
2885
2407
4513
4511
3945
4124
4178
1729
4328
4144
2978
3707
4736
5831
3316
