4054
4938
4514
3739
4872
4539
5040
4364
4967
3766
4712
4581
3979
3739
4944
4210
4461
4741
4946
4182
4225
5408
5409
5580
5520
5501
5120
5139
5556
5493
5499
5477
5556
4957
5320
5575
5284
4973
5217
5073
5487
5489
5588
5541
5545
5588
5507
5535
5522
5339
5450
5519
5428
5609
5136
5308
5556
4980
5609
5502
5435
5557
5388
5470
5510
5187
5466
5110
5585
5544
5338
5462
5128
5582
5467
5432
5540
5552
5591
5472
5454
5295
5512
5359
5453
5239
5170
5603
5505
5324
5457
5181
5067
5409
5471
5450
5478
5545
5270
5781
5820
5770
5846
5901
5780
4829
5344
5853
5692
5400
5390
5752
5762
5681
5640
5769
5767
5737
5748
5519
5724
5871
5792
5767
5735
5836
5810
5591
5824
5665
5866
5676
5803
5695
5840
5731
5753
5670
5658
5776
5740
5740
5746
5729
5740
5819
5764
5579
5351
5819
5709
5747
5760
5702
5653
5724
5736
5739
5743
5774
5632
5677
5850
5894
5585
5724
5775
5680
5630
5780
5696
5160
5266
5832
5604
5746
5760
5768
5737
5857
5749
5612
5636
5804
5729
5788
5777
5846
5779
5771
5390
5763
5851
5577
5727
5860
5672
5684
5703
5713
5767
5758
5742
5818
5688
5669
5842
5744
5087
5812
5753
5517
5685
5801
5714
5805
5669
5591
5789
5805
5737
5762
5800
5700
5730
5833
5813
5794
5695
5635
5798
5780
5701
5631
5781
5721
5802
5735
5674
5737
5593
5119
5808
5739
5651
5843
5176
5840
5671
5094
5631
5742
5702
5814
5698
5768
5721
5610
5647
5785
5789
5763
5835
5706
5700
5816
5790
5490
5690
5789
5691
5826
5790
5810
5853
5167
5781
5669
5798
5895
5764
5675
5785
5867
5664
5756
5799
5750
5526
5786
5735
5826
5622
5748
5775
5742
5540
5730
5794
5650
5776
5670
5676
5727
5682
5701
5710
5647
5663
5714
5744
5800
5726
5684
5719
5649
5528
5713
5782
5725
5645
5462
5790
5702
5813
5837
5766
5675
5795
5729
5665
5743
5746
5772
5745
5746
5677
5738
5701
5730
5776
5790
5827
5795
5626
5661
5670
5766
5787
5750
5730
5553
5859
5721
5698
5778
5745
5756
5732
5677
5718
5743
5805
5780
5787
5672
5729
5699
5815
5774
5738
5761
5729
5745
5638
5841
5880
5578
5700
5845
5679
5767
5215
5580
5740
5816
5751
5628
5670
5806
5753
5838
5601
5704
5838
5641
5696
5737
5679
5781
5549
5824
5575
5752
5587
5819
5896
5789
5818
5654
5661
5683
5830
5662
5538
5511
5879
5434
5744
5797
5571
5616
5849
5708
5621
5731
5653
5840
5745
5809
5896
5919
5758
5833
5751
5825
5753
5764
5734
5668
5832
5871
5740
5671
5832
5822
5681
5825
5821
5827
5816
5735
5785
5701
5724
5779
5742
5644
5826
5774
5722
5712
5697
5773
5820
5772
5708
5738
5800
5767
5552
5798
5738
5761
5853
5808
5774
5749
5665
5790
5524
5732
5788
5681
5753
5810
5728
5814
5859
5853
5663
5811
5746
5773
5755
5779
5874
5694
5834
5759
5760
5757
5662
5474
5133
5651
5806
5821
5641
5744
5709
5823
5667
5708
5627
5835
5790
5733
5647
5794
5733
5658
5797
5780
5788
5781
5850
5726
5696
5599
5645
5716
5738
5695
5576
5550
5834
5853
5832
5758
5803
5774
5641
5751
5735
5753
5596
5811
5755
5830
5725
5765
5607
5764
5652
5741
5683
5202
5712
5868
5615
5828
5707
5630
5621
5693
5801
5660
5718
5439
5771
5751
5718
5717
5614
5817
5600
5740
5783
5668
5835
5715
5696
5737
5641
5818
5541
5587
5730
5863
5724
5899
5463
5834
5750
5689
5315
5851
5647
5198
5879
5634
5532
5734
5710
5349
5906
5696
5837
5725
5648
5743
5793
5777
5743
5845
5676
5804
5665
5517
5801
5627
5649
5898
5866
5831
5796
5708
5857
5766
5710
5901
5448
5712
5725
5751
5684
5694
5924
5785
5780
5847
5823
5647
5684
5834
5750
5739
5700
5646
5687
5772
5809
5818
5798
5760
5819
5734
5738
5662
5832
5677
5845
5732
5845
5752
5683
5725
5790
5708
5731
5818
5783
5737
5812
5753
5790
5748
5812
5759
5687
5734
5709
5793
5692
5715
5647
5651
5617
5874
5665
5827
5862
5722
5636
5598
5632
5775
5862
5689
5810
5711
5733
5756
5841
5688
5680
5684
5755
5856
5736
5325
5716
5823
5841
5757
5778
5884
5816
5791
5770
5666
5731
5148
5839
5350
5865
5759
5774
5817
5736
5625
5685
5886
5822
5780
5798
5646
5643
5326
5849
5669
5863
5696
5562
5706
5698
5726
5829
5820
5763
5766
5739
5866
5815
5529
5255
5799
5826
5795
5729
5848
5673
5263
5635
5692
5699
5810
5667
5743
5713
5856
5700
5842
5730
5800
5760
5746
5447
5739
5581
5690
5628
5876
5596
5775
5845
5806
5682
5746
5770
5718
5703
5703
5801
5743
5627
5691
5748
5747
5862
5539
5799
5615
5703
5644
5698
5524
5647
5814
5777
5478
5776
5724
5739
5658
5719
5833
5864
5750
5773
5870
5522
5649
5705
5842
5754
5724
5771
5458
5558
5735
5688
5783
5753
5296
5483
5626
5677
5767
5811
5696
5582
5692
5661
5589
5772
5821
5762
5790
5725
5796
5697
5143
5831
5654
5687
5921
5759
5829
5853
5726
5367
5635
5755
5758
5880
5850
5817
5807
5775
5371
5850
5616
5685
5826
5669
5845
5729
5726
5699
5760
5675
5855
5755
5617
5760
5657
5660
5777
5761
5708
5630
5725
5176
5585
5824
5661
5893
5762
5839
5748
5800
5793
5793
5766
5673
5738
5747
5758
5746
5770
5816
5784
5692
5828
5682
5515
5752
5650
5834
5549
5687
5811
5648
5725
5801
5718
5812
5786
5757
5632
5757
5653
5742
5678
5431
5696
5629
5642
5858
5595
5802
5652
5691
5709
5663
5739
5794
5705
5705
5685
5780
5637
5686
5806
5788
5599
5715
5792
5740
5825
5657
5709
5801
5712
5751
5664
5814
5686
5641
5803
5641
5728
5760
5590
5746
5844
5728
5734
5778
5678
5690
5770
5816
5723
5739
5706
5089
5706
5810
5776
5712
5847
5913
5837
5731
5762
5542
5773
