3233
3227
3452
5600
5489
5600
5509
5294
5516
5522
5408
5426
5730
5522
5239
5398
5576
5670
5524
5452
5616
5520
5535
5397
5627
5660
5349
5251
5706
5547
5555
5718
5575
5447
5323
5533
5597
5214
5697
5539
5340
5196
5548
5563
5503
5438
5586
5537
5589
5385
5582
5623
5433
5704
5499
5343
5573
5440
5596
5478
5609
5479
5666
5421
5643
5489
5272
5779
5527
5667
5573
5440
5499
5706
5531
5417
5370
5456
5638
5585
5679
5483
5548
5691
5574
5354
5483
5575
3967
3311
4015
5486
5445
5640
5645
5448
5483
5627
5425
5800
5540
5648
5378
5438
4332
5685
3332
4121
4143
3591
5732
5186
5604
5245
3308
3396
4133
3094
5445
5444
5496
5600
5525
5379
5548
5574
5726
5589
5683
5497
5657
5509
5268
5594
5547
5436
5723
5432
5420
5371
5554
5662
5528
5493
5182
5468
5342
5733
5686
5580
5677
5625
5210
5628
5600
5434
5435
5409
5713
5544
5485
5541
5760
5515
5569
5565
5503
5547
5427
5618
5541
5655
5608
5260
5413
5477
5370
5376
5655
5720
5294
5442
5376
5401
5306
5593
5549
5498
5387
5613
5676
5503
5541
5584
5455
5565
5356
5654
5431
5628
5534
5594
5413
5726
5343
5487
5514
5471
5610
5510
5480
5569
4829
3990
2907
3537
3124
4677
5319
5540
5489
5562
5481
5753
5547
5686
5392
5429
5588
5498
5312
5522
5593
5591
5560
5500
5722
5580
5470
5482
5521
5753
5542
5503
5568
