-1770
405
400
494
534
524
474
498
527
504
505
484
-3173
-569
-1184
-4406
-4905
-4403
-4911
-51
463
447
-44
-3258
-4933
-5450
563
529
502
538
511
-575
-4391
425
454
447
-103
-4869
-5409
-5898
-4402
-3166
569
564
442
505
538
546
564
545
548
595
463
517
551
546
549
562
-2119
514
-591
-2658
479
416
398
392
396
389
-87
-3775
-1626
526
570
498
543
541
550
543
545
517
508
462
512
537
544
574
562
571
549
550
515
512
536
534
517
562
-1587
540
499
457
498
540
548
551
578
590
573
576
564
510
575
534
569
536
-611
591
503
522
12
564
584
571
501
560
522
-566
-1146
556
556
542
549
528
-2677
525
548
576
544
575
564
567
526
530
537
566
499
444
425
483
541
502
-713
-1102
496
508
366
431
548
546
528
546
524
481
8
-1611
479
-525
492
473
521
552
523
-3769
515
477
552
553
554
552
555
549
548
548
549
571
549
-2131
582
475
495
554
572
606
587
-530
549
555
-13
462
472
565
-1614
509
561
532
540
564
519
532
516
525
539
518
552
559
-4825
-9
-4398
-1700
291
410
385
361
316
309
-1786
-546
543
568
550
572
546
486
-4294
387
444
501
490
-3327
-555
516
534
508
-528
29
505
506
537
467
416
-1695
-4221
561
551
507
517
516
455
508
-525
510
528
467
456
468
437
375
445
435
449
-637
375
373
376
339
417
460
509
497
567
474
455
511
481
438
555
529
566
508
530
527
-52
-4939
-2248
-2228
17
525
445
541
-502
561
489
546
501
533
536
34
-3758
493
-1592
-3274
-653
488
474
526
532
521
440
400
309
-1147
33
-61
422
446
442
431
-564
-1626
-4282
-1045
554
528
-2077
514
537
567
424
592
-1538
570
560
535
544
554
581
-3786
-48
-1020
514
-52
-3826
417
545
482
534
543
508
507
553
528
558
516
442
-55
534
504
464
551
434
544
491
506
526
527
525
523
544
544
514
547
586
521
533
534
572
568
509
550
535
541
-2170
-1678
-1106
448
-43
523
506
500
501
491
509
523
563
555
486
459
509
578
546
534
505
548
549
584
560
555
508
519
536
481
514
552
531
529
548
572
569
472
533
-1173
-1071
513
517
507
-2682
523
505
531
529
556
537
550
554
584
522
503
-3315
-540
523
512
453
529
-5
535
546
578
480
522
515
530
556
524
518
541
537
547
527
-1072
498
-5237
461
550
495
551
-587
-45
-66
454
569
507
526
541
579
558
469
506
549
521
-10
513
488
545
536
547
476
457
-48
-106
537
506
472
480
435
515
471
514
518
484
564
-2685
-1057
532
-3852
-3706
555
540
517
525
-3843
535
499
507
544
533
540
515
599
-22
-1581
521
566
543
572
563
553
574
559
585
526
556
495
446
-1671
-1561
551
-1664
-3723
569
565
529
-2753
517
565
478
537
535
511
574
483
503
527
-2164
490
479
499
-4
-4391
-556
530
478
535
555
474
529
528
517
502
525
534
514
491
501
529
428
439
490
-92
-2706
535
487
529
436
537
546
534
-4334
403
490
488
560
534
509
480
438
497
518
525
488
503
-1092
-52
537
571
416
554
560
545
-566
-4272
552
502
-1108
-11485
-2749
-2198
-3209
-1171
495
531
500
468
-1076
-114
504
-53
-1629
496
528
534
527
532
466
533
512
528
432
-10
-541
401
473
549
497
-24
510
456
487
434
-3188
397
482
517
439
470
425
488
428
482
399
493
532
-1057
553
574
543
553
550
537
541
536
504
-617
415
511
546
540
535
488
469
537
540
502
467
-1605
414
422
467
-67
-4361
-1612
533
-540
440
476
472
523
518
472
27
526
10
-1080
-528
546
496
448
458
515
480
-1127
-111
484
493
490
444
509
492
499
502
510
514
483
452
379
486
410
455
500
459
428
486
525
478
444
508
-1037
518
558
473
511
557
10
-606
484
478
510
-622
-616
409
456
435
476
493
487
477
460
403
-641
423
441
470
409
-68
-2181
-52
-71
-1142
-1654
-1675
455
468
475
424
-598
400
433
-1118
518
469
-2165
522
531
529
-1112
429
-19
552
515
476
-12
456
430
-129
-1627
483
-2791
-4928
-4360
-17542
-5763
499
531
555
536
574
509
503
516
535
518
-4
521
519
485
516
523
515
564
507
523
474
-67
-1105
477
509
500
-596
-3920
-3288
404
382
376
-4899
-6943
-5459
-6991
-4413
-707
355
332
286
237
233
-4955
-2401
-4327
-45
516
420
505
477
-10
536
468
523
493
-1728
514
523
503
525
504
430
537
518
525
490
457
521
513
495
463
543
506
537
512
505
499
513
537
572
500
518
-1680
-2160
459
478
504
495
-3229
-1604
513
507
489
526
541
509
516
-2667
534
400
576
547
539
-1116
516
523
-612
-1136
-1657
24
444
509
555
408
516
512
487
543
-1046
530
542
555
554
446
472
476
500
453
492
461
454
409
384
-683
504
521
-596
417
470
534
464
509
511
510
540
-1660
-2593
438
523
555
502
524
513
-1639
-1115
501
530
556
33
-539
-2651
2
499
484
19
488
-3287
-3236
-584
522
552
543
-606
-1639
532
537
-37
526
504
549
519
499
-29
436
459
393
-4308
-2254
532
-2224
-1097
-539
-1649
-5411
-574
474
500
498
527
-2108
-4965
-12013
-8449
219
-274
-3912
-3363
-5997
-10464
-1093
536
464
481
502
551
538
507
543
453
516
574
-16
-1736
-519
445
-577
-2202
441
434
395
425
430
385
380
-1259
-3209
508
535
476
518
506
531
533
526
46
-2758
491
526
-9
-2080
544
476
-3264
-119
512
521
499
417
405
491
522
-577
-2177
-113
449
542
495
504
-20
-3864
429
-579
514
489
538
-577
-4253
371
499
464
-1087
-552
479
388
403
456
-626
-667
424
430
-1650
-725
413
447
460
473
485
459
489
456
489
453
442
434
436
486
455
452
492
-1171
-2136
534
451
476
495
489
514
501
479
513
488
491
491
505
570
543
511
512
487
-1112
522
495
-1087
480
498
456
487
474
473
-3812
487
501
491
521
518
528
539
467
468
433
-3196
479
524
454
470
496
498
489
487
524
499
-2120
536
470
-61
482
482
363
434
475
506
451
450
446
494
458
426
425
427
415
377
399
397
438
430
402
400
376
376
398
376
398
397
342
331
379
415
-2267
-2248
464
420
-1135
463
485
409
489
501
503
519
-1071
-1084
471
416
-11
395
503
495
501
418
394
488
463
483
495
556
506
466
492
456
504
486
451
433
467
459
478
482
504
516
-554
511
481
467
544
508
-1090
-3398
-2127
-105
446
-1659
453
475
456
586
524
-2717
513
570
-3306
498
-2
-2114
463
-17
-1088
438
489
-1570
503
473
-555
-1106
-1616
523
436
502
559
530
484
-1063
517
480
508
528
538
562
552
451
575
-3258
513
-20
6
-578
548
465
454
423
421
500
533
527
-47
479
480
491
482
442
479
490
-531
477
466
515
467
512
423
534
511
471
536
527
471
540
562
510
458
459
521
513
525
427
450
328
505
508
515
526
425
544
528
534
509
505
589
520
547
526
549
554
548
550
518
552
561
-1582
563
606
593
546
-1077
481
516
597
569
551
517
548
548
549
515
563
532
536
400
536
530
517
511
603
533
565
442
535
-1063
528
541
-3250
490
518
-586
-1048
572
-778
-315
-3255
480
537
-19
-1622
514
436
420
536
504
540
500
-1078
397
519
532
493
507
-2782
525
15
469
427
572
551
486
493
-71
535
552
500
536
517
564
543
525
420
576
503
561
435
435
331
443
-1159
561
-1041
461
534
531
580
-1608
510
543
581
529
-2136
606
-17
-4268
523
572
495
546
503
563
-2142
-1635
562
529
481
-561
-1279
-2125
-21
-2679
-3184
492
559
532
-1578
513
492
-1079
-1048
534
496
504
525
-499
-4353
-1683
461
506
497
491
467
488
-65
484
532
545
574
463
-2609
542
-1152
-2704
495
504
556
484
516
502
531
-593
-2244
522
446
497
491
-630
-128
-630
-1184
-1695
-602
443
447
434
375
-1176
-1778
306
290
-2762
394
401
422
428
466
-648
454
478
454
434
-660
-1122
453
366
499
500
464
429
523
519
500
491
-1153
-2283
-4924
-658
363
347
354
-2290
-5388
332
313
-2309
-5915
-5431
-21
536
540
486
-1203
574
470
509
510
537
473
519
488
515
542
434
506
529
484
453
517
504
526
507
494
522
532
582
-2703
514
499
500
491
18
481
496
-1700
448
451
536
572
535
520
472
480
480
493
459
553
511
474
557
456
569
490
585
540
485
565
486
497
468
563
587
482
502
570
480
513
544
474
341
495
521
542
563
4
527
525
550
469
-1110
498
519
557
545
495
534
516
404
521
510
596
586
-1619
394
-667
-6
505
438
543
479
467
472
462
545
543
-1115
537
29
-1593
386
487
535
517
-2081
503
566
520
592
589
490
317
466
563
540
-2165
-456
549
-1630
-1073
475
495
557
-3751
-2127
507
521
537
480
467
483
491
519
458
509
456
495
-44
-41
477
469
486
478
-2264
-60
457
496
472
530
453
463
553
493
470
458
531
453
456
542
486
-3284
-1617
453
524
469
438
495
488
11
-27
510
478
486
507
-1117
539
512
7
31
-2217
467
-1120
350
2
-2722
-31
-4381
-3713
-575
537
471
536
456
-3266
535
504
518
-1206
-661
557
498
533
514
597
-1668
574
512
560
500
391
546
497
484
-4308
377
523
452
506
493
507
432
-3191
21
-532
489
461
431
482
541
499
553
487
8
511
490
485
496
494
497
473
486
504
-17
-1140
-2145
-1093
508
488
492
512
488
499
474
505
-2202
-687
-4210
-3744
-1634
397
-1110
-1627
-627
469
-520
404
440
482
486
476
480
557
-1681
555
527
557
447
424
482
423
524
473
-2257
-4419
-1258
312
-199
351
419
390
430
428
-603
395
428
424
440
-606
491
514
-52
-3196
483
498
459
526
472
449
408
443
515
404
444
416
428
415
421
425
485
457
532
405
488
507
549
499
424
-1098
-1079
-62
-661
-4402
479
342
-1709
454
441
-603
-14
553
-2786
-1700
421
484
500
-2178
480
419
506
-3
-71
511
491
504
-2674
-2802
495
-532
410
533
336
546
495
480
421
-1104
-2212
548
510
506
566
511
517
474
524
487
556
542
-1728
-5380
-1059
-5374
-1665
468
429
484
435
413
-585
-62
440
491
-136
319
409
-708
-540
538
507
406
-581
-539
-132
-1726
-1789
-239
-166
-1695
-39
439
457
491
471
477
511
493
-3294
-3257
542
474
524
508
-61
395
383
-1161
517
-3775
-1062
470
535
553
486
525
454
514
-4336
525
448
-1194
464
497
434
437
525
-1
534
465
-2200
-1062
438
457
448
540
488
533
497
488
493
530
585
556
492
-58
439
468
537
446
525
-47
-1617
512
458
427
449
523
578
507
532
435
484
519
494
-65
-5386
-15
-3291
-2179
538
523
557
-3243
-1628
491
533
565
-47
464
508
517
459
-2196
501
556
503
11
482
-4283
498
430
442
428
-1633
520
515
525
490
479
522
-12
-44
-630
462
517
-19
551
414
462
505
487
-2728
436
-44
-1643
456
480
492
480
444
-1725
-1168
-173
372
434
454
523
486
583
555
556
543
-1085
-598
549
544
456
516
548
-1069
482
431
471
443
509
-96
-1578
503
-87
511
440
442
433
-1649
454
506
470
514
373
503
497
510
467
542
473
465
494
483
533
457
449
420
526
523
493
472
449
532
-2216
-3800
-3232
-1172
-4349
-1731
513
538
494
537
513
427
499
539
448
524
458
470
537
-3228
481
-1215
498
545
402
467
533
496
573
523
439
547
513
505
502
514
429
543
-1083
-1029
410
515
-1616
526
481
465
490
415
452
489
520
499
504
502
428
542
511
495
527
489
513
442
460
-585
-1184
521
451
522
456
496
481
462
488
-1742
370
366
338
348
522
489
402
507
479
525
504
536
520
528
538
481
469
-25
-1627
519
520
410
503
508
471
460
459
-1642
-1065
451
465
462
438
438
427
468
438
523
478
452
526
495
-43
564
509
543
414
415
498
517
-1770
-1639
395
520
535
548
-1101
-550
492
508
538
485
-2125
504
-2181
517
533
526
538
510
567
502
440
508
492
474
380
360
-82
562
536
-558
-1675
385
-609
-2204
-1223
-50
-615
427
-95
-3213
470
469
511
-1697
-26
452
433
514
517
502
-110
-2745
-1235
455
-2793
464
451
484
447
488
-2140
528
476
520
-1093
487
409
413
-627
-650
-1101
493
508
507
475
427
400
502
439
453
540
455
574
509
565
515
381
460
-1628
498
409
445
530
442
469
-2
513
481
512
-2162
422
434
523
439
-522
494
-1608
-1676
476
-1703
-1113
324
317
231
-206
