-4090
-2394
-2450
-1570
-5037
-3784
-3494
-4713
-1995
-613
948
-766
-4363
-1981
-760
-3002
-89
-2533
-4794
-2926
759
777
712
750
681
639
626
647
677
791
772
818
-2555
944
849
872
-2811
-3844
-3949
-3516
897
993
990
357
908
897
-113
-67
-966
-1203
-2668
1210
-3369
-3292
-2913
-5329
-5914
-2176
-2108
-2791
968
885
-3040
-4884
-4753
718
664
-3158
-6821
-6864
-1035
-5270
-4336
-3492
669
183
-2634
663
1208
1297
1303
1394
1401
1387
1416
1443
842
-4676
162
697
974
991
1296
1373
1365
1345
1292
1327
1274
1194
1289
1362
-4125
-919
-1966
-4227
-789
833
1061
-3416
-1188
1320
1394
1457
1479
1415
1173
-991
-4790
-4829
-4526
-2427
1272
1420
1482
1474
1514
1490
1493
1405
1422
1428
1465
1446
867
1502
1500
120
1463
1525
1441
1406
1433
1388
1444
1480
1478
1477
1493
1465
1483
1494
1490
1441
1438
1421
1381
1385
1301
1331
1349
1375
1432
1400
1341
1328
1256
1267
1260
1080
1046
1325
1269
1068
1095
1166
1179
1093
1110
1177
1209
1168
1224
1227
1206
1209
1179
-4634
-4781
-4226
-12479
-3772
-6349
-1320
-296
-4307
-3615
-2831
-388
1300
-1077
-4813
-929
-5340
-3910
-2033
-4306
-4389
-839
654
690
729
728
753
716
-2557
396
-2561
-4706
-4188
-5410
-4205
-4043
-5718
-4287
-4790
-3969
-4503
-3120
719
703
792
927
1060
1020
1018
1043
1046
1087
930
944
-5380
-3862
-4830
862
988
961
889
852
906
912
-1781
-5284
-4722
-3936
-2418
-3750
-1938
660
618
-4703
-2186
550
-5188
-4095
-5318
184
1404
1498
1543
1515
1534
1484
1384
1369
1510
1539
1519
1479
1477
1471
1502
1466
1425
1403
1341
1296
1392
1493
1471
1465
1434
1405
1376
1368
1330
1293
1323
1338
1324
1279
1241
1200
1196
1206
1133
1024
974
893
-308
-2503
1167
1163
1141
-70
-4752
-3535
-6316
-3122
-1564
-4148
-4222
-4551
-1717
1070
1178
1209
1253
1429
1466
1479
1494
1485
1508
1528
1488
1504
1496
1498
1455
1509
1383
1333
1436
1425
1375
1355
1395
1385
1417
1413
1417
1417
1406
1370
1285
1310
1249
1344
1390
1425
1417
1380
1323
1241
1192
1216
1213
1299
1434
1418
1427
1372
1266
1270
1271
1340
