-593
-1113
-1129
-2716
-622
-649
-2790
-115
-591
-1093
-2309
-1694
-1741
483
-94
477
-1174
-2313
-1675
429
-6398
331
-12494
-5204
-2194
-2205
438
508
-53
-614
-43
-1197
-94
-56
-4321
-30048
-8339
-2377
-3297
-1238
-2251
485
458
-94
-2169
-3237
-102
-2190
-190
-2297
443
-1293
-1188
-1227
-170
-2159
-176
-697
-2240
-1838
-1086
394
-1712
-2843
-1719
-682
346
-183
-2280
-2233
-710
-670
412
-121
-1706
-2204
-641
-1643
-716
-3809
-1634
-1750
-570
-1811
-721
-1628
-2791
-1624
-676
-1216
-1220
-70
-2236
-159
-178
-2825
-1180
-1220
-1251
-79
-2273
-576
332
-1705
-1635
-562
-172
468
-3316
-570
-1288
-1081
-1717
-1146
-1840
-32
-1660
-2302
-53
-1248
-1257
-612
384
-48
-1715
-1133
-1607
-1144
478
-1080
-1118
-1140
446
-1581
464
461
-1096
-49
-2150
14
-1116
-1682
-2268
-490
-2843
508
-1734
-581
-165
-2181
457
-1152
-611
-2695
-1156
-1169
-106
-1155
454
-1649
-1625
471
-2730
-1696
-582
-2121
416
-1099
-1199
-1133
-2205
-1144
-764
-9952
-1014
364
-1691
-2272
-1072
-2236
-1138
-1319
-560
-1634
-226
399
-114
-1614
-2359
-552
-191
-60
390
-670
-1800
-1282
-634
-595
-659
-709
-1132
-2817
442
-2158
-183
-129
-1171
-1759
-1791
-1094
449
-178
-99
-537
-1103
-571
-63
3
-62
437
371
478
-2127
-2156
510
-1180
-1237
469
-669
-34
-1152
505
-2218
-1113
42
-133
-1131
461
-133
-89
543
-125
-1750
-67
-1732
-625
-1068
-80
-2746
424
463
-83
-7932
-14988
-119
-1673
428
-1674
-1130
-2253
29
-4855
-1624
416
450
-667
516
386
439
408
401
-686
-36
-637
-33
400
-1756
-614
-80
-1228
-2195
504
-2716
-558
427
-2215
-607
-152
-2226
-5779
-75
-2278
-1720
-1697
-1690
-3274
-6935
478
498
-2202
-1687
-527
-1602
-1708
-1688
10
420
-4
-1644
528
-94
-1634
-48
-2178
-3802
-5908
-188
-5411
-796
-2757
-1069
-669
-17608
-3348
-2788
-47
-1216
-2231
-1093
-1088
-1288
-1251
-1775
-2760
-152
-556
-1677
-1676
-1227
-2250
-1595
-2227
-1183
404
-2761
-83
-1147
-1077
443
-2740
-613
-1710
401
-2736
441
-624
-1231
-3
-1235
-1629
-1170
-65
-1705
-160
-1612
-1071
-1197
-1692
-685
-1661
-1185
441
-1716
-3899
-3765
-2244
-96
-1725
-2745
-1760
-192
-1840
-4336
-1139
-1175
-232
-582
-1205
-32
-1764
-1162
-1701
-677
327
-633
466
-1197
-1693
-80
518
-1214
-182
-2831
-2820
-4320
-4365
-260
-3265
-621
-150
-623
386
-682
-1139
358
-119
-78
-214
-138
-1116
336
-156
306
-658
445
-1157
433
-1201
402
-1156
-3826
-114
-162
415
-135
-1217
-3354
-2218
-2821
-1140
-199
-155
-638
-1692
-23
518
-111
-22
541
434
491
-497
-1644
381
459
-1105
-1168
-47
-627
-691
-3827
-199
-2308
-1741
-205
-3835
-3322
-1820
-29
-1743
-607
-78
-2251
-2236
-1557
-661
436
-2809
-670
-71
531
421
473
-1740
-1661
-2733
439
-3305
366
-1642
-1145
-1745
-122
-2739
-1196
408
-1212
-1625
408
-706
-130
488
-1708
-1186
401
-1167
-567
423
-3372
467
-614
-2712
-1716
-1595
-2249
-2750
-1152
394
-2185
-2709
-683
-1157
445
363
433
