3596
4182
5572
5530
5610
5552
5232
5637
5439
5634
5651
5383
5607
5718
5608
5559
5461
5601
5592
5591
5741
5448
5574
5569
5521
5672
5477
5704
5768
5618
5687
5818
5501
5576
5530
5520
5531
5510
5687
5800
5448
5515
5514
5682
5572
5649
5493
5641
5351
5708
5663
5366
5609
5518
5481
5777
5541
5721
5516
5650
5642
5461
5681
5613
5824
5601
5480
5681
5446
5580
5558
5637
5466
5606
5580
5521
5581
5489
5415
5726
5763
5467
5758
5594
5546
5612
5607
5614
5687
5540
5536
5728
5694
5646
5704
5774
5522
5707
5583
5670
5516
5637
5510
5712
5587
5707
5622
5578
5442
5772
5672
5634
5656
5462
5616
5602
5751
5534
5726
5718
5613
5622
5728
5554
5363
5605
5554
5571
5548
5565
5572
5603
5675
5752
5687
5571
5780
5411
5717
5717
5515
5593
5565
5622
5560
5514
5579
5785
5608
5733
5607
5563
5459
5644
5559
5680
5445
5699
5503
5649
5487
5647
5631
5440
5698
5654
5528
5640
5539
5669
5402
5650
5514
5428
5491
5588
5604
5410
5315
5494
5551
5578
5602
5492
5499
5598
5544
5499
5735
5588
5654
5707
5653
5599
5773
5558
5563
5628
5591
5613
5667
5676
5471
5547
5634
5569
5463
5665
5602
5646
5550
5690
5641
5540
5511
5613
5597
5647
5532
5574
5582
5465
5435
5595
5602
5674
5630
5515
5683
5466
5572
5425
5558
5582
5646
5516
5704
5610
5661
5520
5612
5706
5481
5577
5820
5705
5605
5538
5544
5560
5635
5683
5607
5556
5657
5417
5505
5481
5592
5710
5591
5637
5503
5699
5570
5504
5626
5566
5453
5700
5325
5580
5539
5520
5528
5735
5398
5587
5605
5547
5543
5680
5577
5432
5499
5589
5643
5531
5706
5701
5528
5583
5494
5770
5467
5654
5734
5539
5720
5591
5706
5710
5564
5604
5618
5697
5651
5602
5450
5543
5720
5638
5556
5552
5504
5576
5670
5577
5517
5580
5636
5559
5638
5553
5596
5547
5461
5596
5579
5618
5618
5552
5330
5457
5550
5569
5602
5511
5595
5510
5527
5588
5454
5426
5583
5614
5615
5709
5627
5704
5658
5394
5572
5539
5572
5502
5522
5513
5517
5548
5459
5582
5594
5613
5651
5515
5707
5605
5698
5745
5692
5738
5774
5475
5506
5575
5576
5609
5634
5547
5506
5699
5576
5482
5602
5584
5736
5563
5755
5622
5461
5595
5562
5675
5545
5481
5539
5522
5644
5584
5728
5687
5620
5575
5519
5655
5504
5495
5509
5735
5558
5713
5687
5571
5619
5598
5455
5752
5568
5705
5578
5576
5543
5547
5661
5547
5688
5524
5689
5663
5632
5541
5516
5529
5688
5587
5614
5490
5616
5505
5639
5655
5426
5656
5618
5518
5553
5395
5533
5652
5514
5817
5646
5603
5548
5665
5680
5734
5508
5486
5595
5634
5489
5508
5598
5544
5748
5495
5690
5558
5636
5602
5444
5724
5587
5699
5649
5590
5620
5581
5548
5594
5501
5568
5623
5531
5619
5821
5615
5600
5710
5360
5509
5534
5619
5600
5459
5341
5608
5689
5479
5639
5674
5587
5423
5702
5613
5659
5674
5565
5477
5550
5585
5696
5652
5698
5593
5466
5510
5497
5647
5462
5592
5510
5501
5498
5695
5525
5716
5654
5817
5543
5558
5508
5738
5763
5474
5452
5837
5747
5741
5562
5537
5563
5707
5703
5620
5532
5745
5681
5667
5535
5459
5544
5442
5533
5728
5715
5751
5612
5574
5563
5595
5677
5422
5480
5564
5543
5523
5511
5773
5691
5615
5504
5631
5646
5624
5445
5508
5482
5701
5357
5577
5520
5426
5426
5728
5610
5718
5570
5404
5722
5525
5627
5706
5554
5675
5621
5638
5522
5462
5553
5574
5579
5638
5570
5623
5548
5514
5546
5666
5548
5279
5576
5531
5658
5632
5618
5499
5553
5676
5631
5767
5650
5487
5587
5624
5505
5607
5603
5643
5557
5600
5567
5611
5367
5520
5745
5541
5549
5749
5564
5406
5475
5541
5480
5573
5759
5760
5570
5641
5541
5590
5555
5701
5652
5557
5533
5645
5672
5676
5465
5676
5520
5651
5592
5672
5607
5519
5458
5552
5554
5666
5599
5519
5632
5639
5449
5527
5512
5665
5562
5556
5582
5531
5553
5572
5665
5512
5614
5769
5604
5667
5476
5568
5600
5634
5559
5517
5487
5543
5601
5574
5531
5587
5622
5611
5600
5720
5626
5598
5533
5732
5566
5587
5703
5542
5463
5645
5553
5642
5614
5582
5823
5650
5548
5363
5438
5581
5735
5583
5666
5531
5505
5529
5620
5649
5645
5552
5532
5508
5680
5510
5495
5477
5718
5683
5442
5656
5517
5553
5505
5652
5572
5606
5503
5679
5462
5602
5681
5597
5455
5507
5601
5508
5448
5590
5645
5580
5558
5580
5654
5615
5598
5673
5524
5586
5742
5597
5655
5672
5592
5398
5588
5556
5626
5668
5494
5799
5456
5628
5743
5627
5715
5589
5516
5701
5642
5625
5607
5518
5590
5773
5690
5580
5558
5469
5572
5567
5535
5661
5578
5687
5668
5736
5474
5684
5567
5797
5561
5740
5744
5461
5620
5706
5652
5451
5531
5735
5561
5577
5556
5795
5571
5485
5567
5588
5521
5566
5671
5495
5593
5448
5641
5533
5469
5530
5610
5592
5653
5578
5721
5653
5615
5663
5646
5532
5516
5612
5695
5551
5700
5687
5500
5616
5752
5575
5671
5769
5544
5573
5561
5611
5577
5662
5614
5621
5595
5540
5344
5589
5626
5705
5513
5515
5558
5547
5559
5526
5670
5537
5577
5611
5603
5660
5558
5454
5535
5698
5560
5545
5522
5511
5551
5658
5553
5554
5460
5649
5607
5632
5628
5490
5746
5730
5560
5720
5618
5530
5651
5537
5573
5592
5600
5654
5743
5593
5642
5592
5592
5503
5283
5619
5568
5499
5616
5558
5552
5599
5584
5528
5484
5294
5493
5631
5639
5761
5566
5624
5604
5667
5612
5663
5524
5643
5554
5678
5721
5606
5645
5588
5569
5527
5709
5463
5701
5560
5631
5591
5522
5652
5574
5506
5580
5548
5729
5550
5466
5558
5784
5502
5646
5775
5504
5564
5650
5682
5606
5523
5626
5806
5594
5705
5651
5532
5803
5478
5759
5546
5488
