3191
3792
3405
3901
3917
3927
3853
4141
3809
3370
3773
4204
3639
2702
3874
4169
3868
3960
1966
4084
4194
3678
4049
4061
4153
4144
4248
3942
4119
4045
3920
3870
3968
4100
4058
3601
3708
3955
3719
3928
3668
3952
3998
3540
3164
3722
3932
4094
4034
3989
3895
3873
3525
4017
3325
3843
3984
1726
3641
3869
3669
4156
3948
4052
4033
4013
3706
4053
3917
3952
3926
3842
3889
3851
3606
3504
3578
2788
2634
3332
2312
4302
3806
3733
3753
4116
3641
3835
3805
4083
4172
3760
3652
3957
4514
3954
3718
3386
2116
4089
3488
3331
3378
3834
3681
3980
3767
4024
3890
3301
3490
3895
3905
3948
3858
3628
4060
2340
3204
2392
3974
3525
4075
3777
3734
4003
4053
4038
3804
4013
4095
4204
4070
3986
3975
3856
3927
3717
4169
4111
3632
4534
4357
3473
3509
2932
2631
3196
3480
3370
3478
2853
4211
4199
4609
4064
2405
3920
4068
3916
3840
3704
3643
2044
3185
3730
4019
4141
3624
3659
3569
2228
3254
4259
4119
4187
4021
4179
3786
3413
4026
4036
3676
3201
3417
3330
4024
3696
3932
2487
3938
3074
3973
3939
3945
3949
3901
3983
4042
3949
3901
4301
4349
3997
3948
3746
3455
3559
3278
3530
3535
3430
3524
3433
3397
3377
3199
4081
3894
2892
2008
3726
3540
3909
3355
3791
3985
4042
4065
4018
4022
3654
3581
3929
4096
3459
3995
3762
3706
4377
4278
4038
4240
2791
3948
3848
3359
1479
2921
3210
3079
3305
3161
3421
3569
3235
3451
3440
3408
3376
3223
2995
3003
2862
2943
3008
3044
3461
3093
2403
2917
3464
4062
3805
3741
3647
3302
3310
3495
3533
3453
4366
3985
3945
4113
4148
4045
4018
3305
3233
2814
3110
1749
3303
888
3016
3412
3539
3672
233
1870
3525
3656
3669
3922
3588
3026
4160
4010
3480
3800
3979
2196
3857
2253
3021
3373
3900
3291
3155
3053
2902
3343
2989
2994
2898
1766
2881
3603
3124
3626
3149
3523
3014
2434
3027
3683
3318
3714
2909
2089
2860
2927
3225
2800
3165
3624
3334
3079
3142
2504
3321
2367
3481
3751
4060
3898
3835
4048
3908
4052
4041
3906
4066
4081
4140
3957
4044
4297
4311
4238
4067
3004
3319
4542
4030
4095
3740
3550
3317
1718
2859
3687
3981
3812
3760
3578
4037
4038
4074
4188
3130
3730
3099
3659
3060
884
2933
3373
3744
3390
3547
2685
3680
4014
4246
3204
3531
3550
3596
4315
4156
1031
3126
2541
3118
1591
1076
3872
3393
3670
3233
2765
2659
2989
2789
3587
3083
1959
3110
3203
2892
3386
1015
3663
2825
2917
3536
3417
3545
3364
2225
3487
3779
2966
3126
3488
3345
3113
2033
1305
1836
3405
2679
2416
3386
3351
3296
3322
2377
2811
2337
3777
3978
4266
3947
3946
4009
3792
4144
3743
4233
4030
3944
3606
3858
3231
3989
4165
3279
3637
4024
4028
3965
4037
4004
3283
3370
1947
3543
2862
1230
1885
3199
2714
3193
3737
3774
2991
3278
1226
2412
3729
2766
2355
2277
3159
2972
3392
3423
3442
3310
3689
3578
2488
3289
3452
3385
3012
3214
1912
3422
1976
1828
3056
2727
3277
3357
3761
4125
3809
3242
3872
3681
3516
751
1872
2781
3110
2303
3965
3748
2909
3825
3804
3835
4095
3417
3929
3305
2918
1170
2201
3320
2784
4106
2047
1895
1768
3816
2827
2922
3544
3769
3359
3281
3101
1407
3220
2913
2686
3410
2975
-49
2414
3117
2124
-320
2455
1452
3678
4159
3869
4132
3640
4188
1445
-298
2356
2471
2950
4098
3767
2777
3930
3139
2382
2942
2002
2753
3292
2152
2735
2342
1815
3217
3557
2109
2187
3447
3326
3472
2209
2788
2359
3390
2434
3326
2682
2774
3305
1686
2576
3232
3232
2456
3383
2710
2711
2391
3663
3543
3486
3301
3589
1757
2678
3075
3555
3950
3340
1930
1074
2012
2395
2802
2912
3457
2585
2911
2901
2593
2576
3053
2496
3356
3349
3202
2348
1601
2855
1288
2707
2421
3626
2321
2729
4009
3905
2829
3632
3860
3707
3526
3900
3847
3692
3808
3923
3583
3823
4341
3750
3096
3418
2706
3079
2802
2843
2823
2989
2437
3759
4169
3424
3798
3910
3549
3928
3219
1887
3860
3893
2302
1840
3485
2794
2112
3323
2982
3793
3503
3030
3654
3828
3332
3567
2192
2179
2529
421
636
3352
3487
3344
3543
3676
3629
3888
3844
3698
3326
3338
3409
3925
4151
3467
3672
3558
3451
3264
3569
2078
3321
3089
3411
1721
3467
1742
3018
1385
2767
3717
3924
4101
4076
4129
3929
4056
3996
3642
1861
3983
1722
3414
4022
3998
4007
3997
3995
4218
2770
2266
2408
2416
2762
3681
3219
2000
2551
2815
2569
3873
3028
2956
1024
2600
3301
3620
2326
2397
3064
679
-203
2439
820
3710
3630
3889
4089
3901
4027
4089
4075
4106
4067
3962
4056
3945
2990
4182
4031
3754
3623
3666
3886
3761
2355
2281
3664
3452
4182
4107
3909
3994
4017
4016
4268
4185
4280
3998
4042
3953
3690
3948
4156
3867
3798
3184
3676
4061
3465
3851
3520
4004
3511
3754
3912
4163
3784
3557
3755
3050
1531
2803
656
2862
3030
3722
3938
4065
4052
4095
4110
3883
3849
4000
3755
4150
3890
3407
3808
3960
4032
4092
3801
3891
3633
4106
3951
4492
4269
3788
3213
3710
3874
3962
4292
3587
-963
1207
-804
1437
3589
4110
3952
4192
4119
4201
4229
3939
3571
2530
3198
3767
4098
3634
3848
4420
4008
3948
4008
4102
2952
3960
4050
4028
3952
4044
4129
3403
1923
2424
3624
2171
1926
2619
3824
3880
3403
3410
3900
3905
3830
3705
3384
2510
3546
3442
3693
3753
4001
4033
3892
3877
3626
3543
4210
3553
3782
3547
3942
4496
4173
4208
3304
3405
4067
4134
4068
3198
2242
3375
3545
3247
2422
3767
3118
2207
1920
3566
3361
3553
3689
3620
3298
2755
2576
3377
694
-719
-800
-354
2031
3687
3753
3928
3589
3642
3771
4329
4361
4282
3717
3962
3911
3931
3886
3607
3578
